Header Size:	 79	 	 
Pulse Version:	 80	 	 
Running Pulse Version:	PULSE LabShop  Version 18.1.0.28 - 2013-11-23	 	 
Decimal Symbol:	,	 	 
Date Format:	dd.MM.yyyy	 	 
Time Format:	HH:mm:ss:mmm	 	 
Data Type:	Complex	 	 
Slice:	False	 	 
Z-Axis type:	Linear	 	 
Z-Axis size:	1	 	 
Z-Axis unit:	 	 	 
Z-Axis first value:	 0,0000000000e+000	 	 
Z-Axis delta:	 1,0000000000e+000	 	 
X-Axis type:	Linear	 	 
X-Axis size:	801	 	 
X-Axis unit:	Hz	 	 
X-Axis first value:	 0,0000000000e+000	 	 
X-Axis delta:	 1,2500000000e-001	 	 
	 	 	 
AmplitudeUnit:	(m/s²)/N	 	 
Analyzer:	FFT_Spectrum_Averaging	 	 
AnalyzerName:	STS FFT Analyzer	 	 
	 	 	 
	 	 	 
Bipolar:	True	 	 
CenterFrequency:	 5,0000000000e+001	 	 
	 	 	 
	 	 	 
	 	 	 
	 	 	 
	 	 	 
	 	 	 
	 	 	 
	 	 	 
Domain:	1	 	 
Function:	Frequency Response	 	 
	 	 	 
	 	 	 
	 	 	 
	 	 	 
MultiBufferName:	Input	 	 
NBW:	 1,5000000000e+000	 	 
	 	 	 
OverlapFailed:	False	 	 
Overrun:	False	 	 
Power:	False	 	 
	 	 	 
Ratio:	True	 	 
RecordLength:	 8,0000000000e+000	 	 
ReducedSize:	True	 	 
Ref_Signal:	ForceTransducer Ref.	 	 
	 	 	 
	 	 	 
RefSignalUnit:	N	 	 
	 	 	 
	 	 	 
Signal:	4507 B 1-x	 	 
	 	 	 
SignalUnit:	m/s²	 	 
	 	 	 
	 	 	 
	 	 	 
Title:	Frequency Response H1(4507 B 1-x,ForceTransducer Ref.) - STS Measurement 1	 	 
Title1:	STS : STS Measurement 1 : Input : STS FFT Analyzer	 	 
	 	 	 
	 	 	 
	 	 	 
ZoomOn:	False	 	 
	 	 	 
TemplateName:	STS	 	 
MeasurementName:	STS Measurement 1	 	 
MeasurementSlice:	False	 	 
	 	 	 
	 	 	 
	 	 	 
EnvelopeOn:	False	 	 
	 	 	 
	 	 	 
	 	 	 
Z-index:	 	1	 
Date:	 	02.03.2016	 
Time:	 	12:07:28:833	 
Relative time:	 	 0,00000e+000	 
Z-axis:	 	 0,0000000000e+000	 
1	 0,0000000000e+000	 1,25976e+002	-0,00000e+000
2	 1,2500000000e-001	 1,12779e+002	-1,42026e+001
3	 2,5000000000e-001	 4,65622e+001	-6,97548e+001
4	 3,7500000000e-001	-1,86377e-001	-6,62312e+000
5	 5,0000000000e-001	-1,19074e+000	-3,75442e+000
6	 6,2500000000e-001	-2,22564e+000	-1,67872e+000
7	 7,5000000000e-001	-1,47611e-001	 1,92692e+000
8	 8,7500000000e-001	 4,31375e-002	 3,54074e-001
9	 1,0000000000e+000	 2,72814e-001	-5,07971e-002
10	 1,1250000000e+000	 3,69343e-001	 1,47763e-001
11	 1,2500000000e+000	 7,95910e-002	-1,45584e-001
12	 1,3750000000e+000	-1,29661e-001	-1,54225e-001
13	 1,5000000000e+000	 5,15585e-002	-7,44015e-002
14	 1,6250000000e+000	 7,60567e-001	-4,25388e-001
15	 1,7500000000e+000	 5,29857e-001	-3,90023e-001
16	 1,8750000000e+000	 4,37361e-001	-2,73374e-001
17	 2,0000000000e+000	 6,50285e-001	-9,38067e-001
18	 2,1250000000e+000	 9,93894e-001	-6,37449e-001
19	 2,2500000000e+000	 1,14179e+000	-3,37440e-001
20	 2,3750000000e+000	 1,17864e+000	-1,13418e-001
21	 2,5000000000e+000	 1,29377e+000	-4,99028e-001
22	 2,6250000000e+000	 1,52197e+000	-7,16868e-001
23	 2,7500000000e+000	 1,46530e+000	-4,56753e-001
24	 2,8750000000e+000	 1,81291e+000	-4,32616e-001
25	 3,0000000000e+000	 2,15371e+000	-3,86392e-001
26	 3,1250000000e+000	 2,19583e+000	-2,59125e-001
27	 3,2500000000e+000	 2,22066e+000	-2,99668e-001
28	 3,3750000000e+000	 2,50228e+000	-5,90549e-001
29	 3,5000000000e+000	 2,62790e+000	-6,06036e-001
30	 3,6250000000e+000	 2,79674e+000	-4,80512e-001
31	 3,7500000000e+000	 3,09170e+000	-5,71394e-001
32	 3,8750000000e+000	 3,58043e+000	-4,72880e-001
33	 4,0000000000e+000	 3,67097e+000	-5,84537e-001
34	 4,1250000000e+000	 3,84882e+000	-6,96211e-001
35	 4,2500000000e+000	 4,11799e+000	-7,38016e-001
36	 4,3750000000e+000	 4,35797e+000	-6,92632e-001
37	 4,5000000000e+000	 4,44371e+000	-6,43484e-001
38	 4,6250000000e+000	 4,65402e+000	-8,71644e-001
39	 4,7500000000e+000	 5,31926e+000	-9,80203e-001
40	 4,8750000000e+000	 5,60413e+000	-8,44390e-001
41	 5,0000000000e+000	 5,94639e+000	-7,00978e-001
42	 5,1250000000e+000	 6,63436e+000	-6,66184e-001
43	 5,2500000000e+000	 6,76414e+000	-9,91224e-001
44	 5,3750000000e+000	 6,97783e+000	-9,83449e-001
45	 5,5000000000e+000	 7,70748e+000	-7,97559e-001
46	 5,6250000000e+000	 8,18263e+000	-8,86953e-001
47	 5,7500000000e+000	 8,88326e+000	-1,13444e+000
48	 5,8750000000e+000	 9,59385e+000	-8,12184e-001
49	 6,0000000000e+000	 1,04093e+001	-9,04829e-001
50	 6,1250000000e+000	 1,09170e+001	-9,49503e-001
51	 6,2500000000e+000	 1,14829e+001	-7,96881e-001
52	 6,3750000000e+000	 1,22827e+001	-1,24410e+000
53	 6,5000000000e+000	 1,33129e+001	-1,06506e+000
54	 6,6250000000e+000	 1,38527e+001	-1,46514e+000
55	 6,7500000000e+000	 1,48614e+001	-1,27550e+000
56	 6,8750000000e+000	 1,62034e+001	-1,45085e+000
57	 7,0000000000e+000	 1,71397e+001	-1,61076e+000
58	 7,1250000000e+000	 1,82691e+001	-1,58824e+000
59	 7,2500000000e+000	 1,93763e+001	-1,73461e+000
60	 7,3750000000e+000	 2,05444e+001	-1,70617e+000
61	 7,5000000000e+000	 2,23322e+001	-2,03192e+000
62	 7,6250000000e+000	 2,29780e+001	-2,05585e+000
63	 7,7500000000e+000	 2,58816e+001	-1,40242e+000
64	 7,8750000000e+000	 2,69815e+001	-9,93580e-001
65	 8,0000000000e+000	 3,05568e+001	 1,90923e-001
66	 8,1250000000e+000	 3,34983e+001	 2,43594e-001
67	 8,2500000000e+000	 3,59215e+001	 1,77756e+000
68	 8,3750000000e+000	 3,69719e+001	 2,29589e+000
69	 8,5000000000e+000	 3,99197e+001	 2,73082e+000
70	 8,6250000000e+000	 4,37791e+001	 3,32036e+000
71	 8,7500000000e+000	 5,48046e+001	 7,96500e+000
72	 8,8750000000e+000	 6,20953e+001	 8,58165e+000
73	 9,0000000000e+000	 6,12120e+001	 1,86035e+001
74	 9,1250000000e+000	 6,31608e+001	 2,85162e+001
75	 9,2500000000e+000	 7,47219e+001	 3,85253e+001
76	 9,3750000000e+000	 7,35779e+001	 5,10504e+001
77	 9,5000000000e+000	 7,43953e+001	 6,37883e+001
78	 9,6250000000e+000	 6,17441e+001	 6,97020e+001
79	 9,7500000000e+000	 2,55023e+001	 9,40309e+001
80	 9,8750000000e+000	 2,13067e+001	 9,39906e+001
81	 1,0000000000e+001	 1,09970e+001	 9,11846e+001
82	 1,0125000000e+001	-4,80945e+000	 7,68833e+001
83	 1,0250000000e+001	-8,81139e+000	 7,05827e+001
84	 1,0375000000e+001	-1,99928e+001	 5,66714e+001
85	 1,0500000000e+001	-2,29319e+001	 4,89295e+001
86	 1,0625000000e+001	-2,24300e+001	 3,88763e+001
87	 1,0750000000e+001	-2,22009e+001	 2,87887e+001
88	 1,0875000000e+001	-2,03979e+001	 2,03744e+001
89	 1,1000000000e+001	-2,05710e+001	 1,28741e+001
90	 1,1125000000e+001	-2,08881e+001	 7,31325e+000
91	 1,1250000000e+001	-2,24009e+001	 1,87133e+000
92	 1,1375000000e+001	-2,44589e+001	-1,55428e+000
93	 1,1500000000e+001	-2,48349e+001	-4,81026e+000
94	 1,1625000000e+001	-2,77174e+001	-6,15257e+000
95	 1,1750000000e+001	-2,98134e+001	-8,18067e+000
96	 1,1875000000e+001	-3,34614e+001	-1,16995e+001
97	 1,2000000000e+001	-3,40008e+001	-1,07648e+001
98	 1,2125000000e+001	-3,43072e+001	-9,10681e+000
99	 1,2250000000e+001	-3,55375e+001	-9,42289e+000
100	 1,2375000000e+001	-3,49346e+001	-7,94816e+000
101	 1,2500000000e+001	-3,54931e+001	-7,58130e+000
102	 1,2625000000e+001	-3,62182e+001	-5,96644e+000
103	 1,2750000000e+001	-3,61927e+001	-5,67001e+000
104	 1,2875000000e+001	-3,57680e+001	-5,76543e+000
105	 1,3000000000e+001	-3,53999e+001	-4,61271e+000
106	 1,3125000000e+001	-3,58374e+001	-4,02622e+000
107	 1,3250000000e+001	-3,52406e+001	-3,63174e+000
108	 1,3375000000e+001	-3,47091e+001	-2,86264e+000
109	 1,3500000000e+001	-3,35291e+001	-2,90912e+000
110	 1,3625000000e+001	-3,34729e+001	-2,91408e+000
111	 1,3750000000e+001	-3,30379e+001	-1,98635e+000
112	 1,3875000000e+001	-3,30509e+001	-1,92727e+000
113	 1,4000000000e+001	-3,17878e+001	-1,45450e+000
114	 1,4125000000e+001	-3,18045e+001	-1,58087e+000
115	 1,4250000000e+001	-3,17573e+001	-1,43415e+000
116	 1,4375000000e+001	-3,16611e+001	-1,78647e+000
117	 1,4500000000e+001	-3,05315e+001	-1,48378e+000
118	 1,4625000000e+001	-3,00355e+001	-1,62828e+000
119	 1,4750000000e+001	-2,96356e+001	-1,46527e+000
120	 1,4875000000e+001	-2,92420e+001	-1,13091e+000
121	 1,5000000000e+001	-2,88646e+001	-9,51114e-001
122	 1,5125000000e+001	-2,86393e+001	-8,63870e-001
123	 1,5250000000e+001	-2,84428e+001	-8,37347e-001
124	 1,5375000000e+001	-2,82500e+001	-8,40735e-001
125	 1,5500000000e+001	-2,81003e+001	-1,04929e+000
126	 1,5625000000e+001	-2,78123e+001	-1,19407e+000
127	 1,5750000000e+001	-2,74378e+001	-8,60341e-001
128	 1,5875000000e+001	-2,72775e+001	-5,60781e-001
129	 1,6000000000e+001	-2,73594e+001	-5,37145e-001
130	 1,6125000000e+001	-2,72765e+001	-7,54521e-001
131	 1,6250000000e+001	-2,72654e+001	-7,31788e-001
132	 1,6375000000e+001	-2,69682e+001	-7,02239e-001
133	 1,6500000000e+001	-2,67074e+001	-6,27687e-001
134	 1,6625000000e+001	-2,62954e+001	-5,03371e-001
135	 1,6750000000e+001	-2,62955e+001	-5,10552e-001
136	 1,6875000000e+001	-2,62806e+001	-4,08357e-001
137	 1,7000000000e+001	-2,61853e+001	-2,90290e-001
138	 1,7125000000e+001	-2,58006e+001	-2,12723e-002
139	 1,7250000000e+001	-2,55682e+001	 1,50289e-002
140	 1,7375000000e+001	-2,55111e+001	-1,29531e-002
141	 1,7500000000e+001	-2,54946e+001	 1,00542e-002
142	 1,7625000000e+001	-2,49683e+001	 4,34637e-002
143	 1,7750000000e+001	-2,48016e+001	 7,10362e-002
144	 1,7875000000e+001	-2,46986e+001	 1,70511e-001
145	 1,8000000000e+001	-2,47858e+001	 3,73951e-001
146	 1,8125000000e+001	-2,42471e+001	 1,28024e-002
147	 1,8250000000e+001	-2,42065e+001	 1,51459e-001
148	 1,8375000000e+001	-2,43387e+001	 3,53910e-001
149	 1,8500000000e+001	-2,42591e+001	 6,69901e-001
150	 1,8625000000e+001	-2,41077e+001	 1,01284e+000
151	 1,8750000000e+001	-2,34863e+001	 9,07779e-001
152	 1,8875000000e+001	-2,31275e+001	 6,39449e-001
153	 1,9000000000e+001	-2,31517e+001	 5,39767e-001
154	 1,9125000000e+001	-2,30845e+001	 4,37010e-001
155	 1,9250000000e+001	-2,30550e+001	 3,89931e-001
156	 1,9375000000e+001	-2,28413e+001	 4,41967e-001
157	 1,9500000000e+001	-2,28352e+001	 4,70722e-001
158	 1,9625000000e+001	-2,27334e+001	 6,04623e-001
159	 1,9750000000e+001	-2,25691e+001	 6,49355e-001
160	 1,9875000000e+001	-2,24427e+001	 6,02370e-001
161	 2,0000000000e+001	-2,23709e+001	 5,13604e-001
162	 2,0125000000e+001	-2,22479e+001	 4,92365e-001
163	 2,0250000000e+001	-2,21925e+001	 4,68705e-001
164	 2,0375000000e+001	-2,20468e+001	 5,10270e-001
165	 2,0500000000e+001	-2,19904e+001	 5,07048e-001
166	 2,0625000000e+001	-2,19291e+001	 5,45315e-001
167	 2,0750000000e+001	-2,17839e+001	 4,93093e-001
168	 2,0875000000e+001	-2,17134e+001	 5,35232e-001
169	 2,1000000000e+001	-2,14512e+001	 4,37958e-001
170	 2,1125000000e+001	-2,14339e+001	 5,45789e-001
171	 2,1250000000e+001	-2,14682e+001	 5,45745e-001
172	 2,1375000000e+001	-2,14082e+001	 5,35134e-001
173	 2,1500000000e+001	-2,12474e+001	 4,50882e-001
174	 2,1625000000e+001	-2,11863e+001	 5,25537e-001
175	 2,1750000000e+001	-2,11340e+001	 4,62676e-001
176	 2,1875000000e+001	-2,10691e+001	 4,31518e-001
177	 2,2000000000e+001	-2,09614e+001	 4,65932e-001
178	 2,2125000000e+001	-2,09384e+001	 5,44223e-001
179	 2,2250000000e+001	-2,07457e+001	 4,75695e-001
180	 2,2375000000e+001	-2,07212e+001	 4,34859e-001
181	 2,2500000000e+001	-2,07418e+001	 4,28429e-001
182	 2,2625000000e+001	-2,06526e+001	 4,55427e-001
183	 2,2750000000e+001	-2,05864e+001	 4,82601e-001
184	 2,2875000000e+001	-2,05757e+001	 5,64842e-001
185	 2,3000000000e+001	-2,04712e+001	 5,49230e-001
186	 2,3125000000e+001	-2,04104e+001	 5,55681e-001
187	 2,3250000000e+001	-2,03393e+001	 5,26274e-001
188	 2,3375000000e+001	-2,02838e+001	 5,11147e-001
189	 2,3500000000e+001	-2,01745e+001	 5,93438e-001
190	 2,3625000000e+001	-2,01452e+001	 5,27818e-001
191	 2,3750000000e+001	-2,01123e+001	 4,95006e-001
192	 2,3875000000e+001	-2,00963e+001	 5,06719e-001
193	 2,4000000000e+001	-2,00326e+001	 5,73120e-001
194	 2,4125000000e+001	-1,99999e+001	 5,69047e-001
195	 2,4250000000e+001	-1,99362e+001	 5,72945e-001
196	 2,4375000000e+001	-1,98671e+001	 4,85827e-001
197	 2,4500000000e+001	-1,97714e+001	 5,30454e-001
198	 2,4625000000e+001	-1,97447e+001	 5,20263e-001
199	 2,4750000000e+001	-1,96736e+001	 5,23172e-001
200	 2,4875000000e+001	-1,96010e+001	 5,21077e-001
201	 2,5000000000e+001	-1,95229e+001	 4,68566e-001
202	 2,5125000000e+001	-1,95035e+001	 5,57260e-001
203	 2,5250000000e+001	-1,94503e+001	 5,67121e-001
204	 2,5375000000e+001	-1,94293e+001	 4,12585e-001
205	 2,5500000000e+001	-1,93198e+001	 5,15015e-001
206	 2,5625000000e+001	-1,92965e+001	 5,49718e-001
207	 2,5750000000e+001	-1,92915e+001	 4,97877e-001
208	 2,5875000000e+001	-1,92096e+001	 4,65456e-001
209	 2,6000000000e+001	-1,91732e+001	 4,71385e-001
210	 2,6125000000e+001	-1,91630e+001	 4,72695e-001
211	 2,6250000000e+001	-1,90898e+001	 4,46909e-001
212	 2,6375000000e+001	-1,90770e+001	 4,45905e-001
213	 2,6500000000e+001	-1,90523e+001	 5,36178e-001
214	 2,6625000000e+001	-1,90475e+001	 5,18690e-001
215	 2,6750000000e+001	-1,89909e+001	 5,22629e-001
216	 2,6875000000e+001	-1,89099e+001	 5,04942e-001
217	 2,7000000000e+001	-1,88653e+001	 4,93784e-001
218	 2,7125000000e+001	-1,88386e+001	 5,11729e-001
219	 2,7250000000e+001	-1,87364e+001	 4,64422e-001
220	 2,7375000000e+001	-1,87024e+001	 4,73310e-001
221	 2,7500000000e+001	-1,86509e+001	 4,73426e-001
222	 2,7625000000e+001	-1,86181e+001	 4,73579e-001
223	 2,7750000000e+001	-1,86239e+001	 4,84266e-001
224	 2,7875000000e+001	-1,85290e+001	 4,40306e-001
225	 2,8000000000e+001	-1,85014e+001	 4,28732e-001
226	 2,8125000000e+001	-1,85308e+001	 4,42184e-001
227	 2,8250000000e+001	-1,84777e+001	 4,90118e-001
228	 2,8375000000e+001	-1,84294e+001	 4,91224e-001
229	 2,8500000000e+001	-1,83750e+001	 4,56359e-001
230	 2,8625000000e+001	-1,83309e+001	 4,43350e-001
231	 2,8750000000e+001	-1,83262e+001	 4,44297e-001
232	 2,8875000000e+001	-1,82712e+001	 4,81411e-001
233	 2,9000000000e+001	-1,82381e+001	 4,85429e-001
234	 2,9125000000e+001	-1,82074e+001	 4,62157e-001
235	 2,9250000000e+001	-1,81684e+001	 4,47148e-001
236	 2,9375000000e+001	-1,81241e+001	 4,60618e-001
237	 2,9500000000e+001	-1,81066e+001	 4,56323e-001
238	 2,9625000000e+001	-1,80411e+001	 4,44628e-001
239	 2,9750000000e+001	-1,80127e+001	 4,42721e-001
240	 2,9875000000e+001	-1,79986e+001	 4,15913e-001
241	 3,0000000000e+001	-1,79347e+001	 4,32048e-001
242	 3,0125000000e+001	-1,79555e+001	 4,65338e-001
243	 3,0250000000e+001	-1,79009e+001	 4,69227e-001
244	 3,0375000000e+001	-1,78871e+001	 4,53340e-001
245	 3,0500000000e+001	-1,78423e+001	 4,03522e-001
246	 3,0625000000e+001	-1,78021e+001	 4,10054e-001
247	 3,0750000000e+001	-1,77560e+001	 4,36782e-001
248	 3,0875000000e+001	-1,77368e+001	 4,34591e-001
249	 3,1000000000e+001	-1,77129e+001	 4,29020e-001
250	 3,1125000000e+001	-1,76887e+001	 4,20945e-001
251	 3,1250000000e+001	-1,76277e+001	 4,02875e-001
252	 3,1375000000e+001	-1,75861e+001	 4,07461e-001
253	 3,1500000000e+001	-1,75766e+001	 4,15159e-001
254	 3,1625000000e+001	-1,75537e+001	 4,13282e-001
255	 3,1750000000e+001	-1,74746e+001	 3,85218e-001
256	 3,1875000000e+001	-1,74612e+001	 3,86257e-001
257	 3,2000000000e+001	-1,74570e+001	 3,76598e-001
258	 3,2125000000e+001	-1,74281e+001	 3,83955e-001
259	 3,2250000000e+001	-1,74402e+001	 3,82122e-001
260	 3,2375000000e+001	-1,73787e+001	 3,97542e-001
261	 3,2500000000e+001	-1,73129e+001	 4,09427e-001
262	 3,2625000000e+001	-1,72962e+001	 4,04628e-001
263	 3,2750000000e+001	-1,72858e+001	 3,99266e-001
264	 3,2875000000e+001	-1,72582e+001	 4,05330e-001
265	 3,3000000000e+001	-1,72260e+001	 3,79740e-001
266	 3,3125000000e+001	-1,71855e+001	 3,81810e-001
267	 3,3250000000e+001	-1,71669e+001	 3,68463e-001
268	 3,3375000000e+001	-1,71590e+001	 3,65574e-001
269	 3,3500000000e+001	-1,71303e+001	 3,77897e-001
270	 3,3625000000e+001	-1,70830e+001	 3,58997e-001
271	 3,3750000000e+001	-1,70648e+001	 3,47932e-001
272	 3,3875000000e+001	-1,70330e+001	 3,51215e-001
273	 3,4000000000e+001	-1,70086e+001	 3,67977e-001
274	 3,4125000000e+001	-1,69923e+001	 3,36197e-001
275	 3,4250000000e+001	-1,69545e+001	 3,43504e-001
276	 3,4375000000e+001	-1,69351e+001	 3,55918e-001
277	 3,4500000000e+001	-1,69441e+001	 3,70935e-001
278	 3,4625000000e+001	-1,68976e+001	 3,48705e-001
279	 3,4750000000e+001	-1,68606e+001	 3,55955e-001
280	 3,4875000000e+001	-1,68402e+001	 3,73478e-001
281	 3,5000000000e+001	-1,67868e+001	 3,91235e-001
282	 3,5125000000e+001	-1,67290e+001	 3,95849e-001
283	 3,5250000000e+001	-1,66836e+001	 3,91201e-001
284	 3,5375000000e+001	-1,66890e+001	 4,14132e-001
285	 3,5500000000e+001	-1,66297e+001	 4,19367e-001
286	 3,5625000000e+001	-1,66337e+001	 4,14097e-001
287	 3,5750000000e+001	-1,65975e+001	 4,20831e-001
288	 3,5875000000e+001	-1,65525e+001	 4,01179e-001
289	 3,6000000000e+001	-1,65295e+001	 3,93996e-001
290	 3,6125000000e+001	-1,65112e+001	 4,08100e-001
291	 3,6250000000e+001	-1,64545e+001	 4,03089e-001
292	 3,6375000000e+001	-1,64141e+001	 4,02775e-001
293	 3,6500000000e+001	-1,63783e+001	 3,96794e-001
294	 3,6625000000e+001	-1,63386e+001	 3,96386e-001
295	 3,6750000000e+001	-1,63094e+001	 4,01822e-001
296	 3,6875000000e+001	-1,62873e+001	 3,89587e-001
297	 3,7000000000e+001	-1,62191e+001	 3,81691e-001
298	 3,7125000000e+001	-1,61826e+001	 3,96223e-001
299	 3,7250000000e+001	-1,61468e+001	 4,09282e-001
300	 3,7375000000e+001	-1,61224e+001	 3,94024e-001
301	 3,7500000000e+001	-1,61118e+001	 3,98280e-001
302	 3,7625000000e+001	-1,60904e+001	 3,81861e-001
303	 3,7750000000e+001	-1,60451e+001	 3,78439e-001
304	 3,7875000000e+001	-1,60001e+001	 3,72284e-001
305	 3,8000000000e+001	-1,59952e+001	 3,72305e-001
306	 3,8125000000e+001	-1,59385e+001	 3,43373e-001
307	 3,8250000000e+001	-1,59231e+001	 3,63761e-001
308	 3,8375000000e+001	-1,58925e+001	 3,66930e-001
309	 3,8500000000e+001	-1,58461e+001	 3,66215e-001
310	 3,8625000000e+001	-1,57921e+001	 3,53585e-001
311	 3,8750000000e+001	-1,57638e+001	 3,51144e-001
312	 3,8875000000e+001	-1,57188e+001	 3,75330e-001
313	 3,9000000000e+001	-1,57057e+001	 3,66341e-001
314	 3,9125000000e+001	-1,56749e+001	 3,54104e-001
315	 3,9250000000e+001	-1,56431e+001	 3,50726e-001
316	 3,9375000000e+001	-1,56233e+001	 3,35956e-001
317	 3,9500000000e+001	-1,56033e+001	 3,35890e-001
318	 3,9625000000e+001	-1,55218e+001	 3,31751e-001
319	 3,9750000000e+001	-1,55055e+001	 3,35884e-001
320	 3,9875000000e+001	-1,54800e+001	 3,18762e-001
321	 4,0000000000e+001	-1,54315e+001	 2,98068e-001
322	 4,0125000000e+001	-1,54198e+001	 3,32455e-001
323	 4,0250000000e+001	-1,53797e+001	 3,42622e-001
324	 4,0375000000e+001	-1,53542e+001	 3,28229e-001
325	 4,0500000000e+001	-1,53132e+001	 3,14633e-001
326	 4,0625000000e+001	-1,52364e+001	 3,18505e-001
327	 4,0750000000e+001	-1,52322e+001	 3,37600e-001
328	 4,0875000000e+001	-1,52092e+001	 2,97979e-001
329	 4,1000000000e+001	-1,51740e+001	 2,96441e-001
330	 4,1125000000e+001	-1,51281e+001	 2,81393e-001
331	 4,1250000000e+001	-1,50876e+001	 2,75724e-001
332	 4,1375000000e+001	-1,50723e+001	 2,82167e-001
333	 4,1500000000e+001	-1,50582e+001	 3,23774e-001
334	 4,1625000000e+001	-1,50155e+001	 2,93059e-001
335	 4,1750000000e+001	-1,50243e+001	 2,57473e-001
336	 4,1875000000e+001	-1,49308e+001	 2,25538e-001
337	 4,2000000000e+001	-1,48504e+001	 2,31245e-001
338	 4,2125000000e+001	-1,48377e+001	 2,28736e-001
339	 4,2250000000e+001	-1,48260e+001	 2,18900e-001
340	 4,2375000000e+001	-1,48349e+001	 2,15809e-001
341	 4,2500000000e+001	-1,47695e+001	 1,75877e-001
342	 4,2625000000e+001	-1,47142e+001	 2,07301e-001
343	 4,2750000000e+001	-1,46926e+001	 1,85361e-001
344	 4,2875000000e+001	-1,46793e+001	 1,82591e-001
345	 4,3000000000e+001	-1,46598e+001	 2,22568e-001
346	 4,3125000000e+001	-1,46100e+001	 2,33368e-001
347	 4,3250000000e+001	-1,45868e+001	 2,07947e-001
348	 4,3375000000e+001	-1,45840e+001	 2,15075e-001
349	 4,3500000000e+001	-1,45266e+001	 2,30025e-001
350	 4,3625000000e+001	-1,44737e+001	 2,42513e-001
351	 4,3750000000e+001	-1,44180e+001	 2,43878e-001
352	 4,3875000000e+001	-1,44014e+001	 2,50532e-001
353	 4,4000000000e+001	-1,43943e+001	 2,68936e-001
354	 4,4125000000e+001	-1,43155e+001	 2,71267e-001
355	 4,4250000000e+001	-1,42833e+001	 2,62236e-001
356	 4,4375000000e+001	-1,42238e+001	 2,65717e-001
357	 4,4500000000e+001	-1,41965e+001	 2,53460e-001
358	 4,4625000000e+001	-1,41997e+001	 2,54134e-001
359	 4,4750000000e+001	-1,41429e+001	 2,47617e-001
360	 4,4875000000e+001	-1,40787e+001	 2,89371e-001
361	 4,5000000000e+001	-1,40238e+001	 2,93288e-001
362	 4,5125000000e+001	-1,40078e+001	 2,50794e-001
363	 4,5250000000e+001	-1,39527e+001	 2,42742e-001
364	 4,5375000000e+001	-1,39087e+001	 2,77410e-001
365	 4,5500000000e+001	-1,38605e+001	 2,48605e-001
366	 4,5625000000e+001	-1,37796e+001	 2,46485e-001
367	 4,5750000000e+001	-1,37739e+001	 2,50511e-001
368	 4,5875000000e+001	-1,36715e+001	 2,21979e-001
369	 4,6000000000e+001	-1,36267e+001	 2,37057e-001
370	 4,6125000000e+001	-1,35922e+001	 2,59171e-001
371	 4,6250000000e+001	-1,35532e+001	 2,73294e-001
372	 4,6375000000e+001	-1,35352e+001	 2,79870e-001
373	 4,6500000000e+001	-1,34531e+001	 2,56209e-001
374	 4,6625000000e+001	-1,34272e+001	 2,59944e-001
375	 4,6750000000e+001	-1,34106e+001	 2,48391e-001
376	 4,6875000000e+001	-1,32823e+001	 2,67492e-001
377	 4,7000000000e+001	-1,32514e+001	 2,47283e-001
378	 4,7125000000e+001	-1,32234e+001	 2,46489e-001
379	 4,7250000000e+001	-1,31562e+001	 2,81498e-001
380	 4,7375000000e+001	-1,30845e+001	 2,68553e-001
381	 4,7500000000e+001	-1,30473e+001	 2,45329e-001
382	 4,7625000000e+001	-1,30028e+001	 2,50977e-001
383	 4,7750000000e+001	-1,29371e+001	 2,57052e-001
384	 4,7875000000e+001	-1,28705e+001	 2,58798e-001
385	 4,8000000000e+001	-1,28417e+001	 2,70648e-001
386	 4,8125000000e+001	-1,27644e+001	 2,53342e-001
387	 4,8250000000e+001	-1,27398e+001	 2,13646e-001
388	 4,8375000000e+001	-1,26238e+001	 2,54368e-001
389	 4,8500000000e+001	-1,25673e+001	 2,54289e-001
390	 4,8625000000e+001	-1,25439e+001	 2,41894e-001
391	 4,8750000000e+001	-1,24965e+001	 2,15224e-001
392	 4,8875000000e+001	-1,24502e+001	 2,48742e-001
393	 4,9000000000e+001	-1,23373e+001	 2,63211e-001
394	 4,9125000000e+001	-1,22820e+001	 2,44853e-001
395	 4,9250000000e+001	-1,22137e+001	 2,41638e-001
396	 4,9375000000e+001	-1,21609e+001	 2,10351e-001
397	 4,9500000000e+001	-1,20994e+001	 2,05591e-001
398	 4,9625000000e+001	-1,20159e+001	 2,03286e-001
399	 4,9750000000e+001	-1,19665e+001	 1,84587e-001
400	 4,9875000000e+001	-1,19158e+001	 1,76767e-001
401	 5,0000000000e+001	-1,18335e+001	 1,83401e-001
402	 5,0125000000e+001	-1,17781e+001	 1,89045e-001
403	 5,0250000000e+001	-1,17220e+001	 1,66363e-001
404	 5,0375000000e+001	-1,16314e+001	 1,32588e-001
405	 5,0500000000e+001	-1,15414e+001	 1,31022e-001
406	 5,0625000000e+001	-1,15001e+001	 1,29049e-001
407	 5,0750000000e+001	-1,14517e+001	 1,11278e-001
408	 5,0875000000e+001	-1,13485e+001	 1,01092e-001
409	 5,1000000000e+001	-1,13211e+001	 1,00213e-001
410	 5,1125000000e+001	-1,12421e+001	 1,03925e-001
411	 5,1250000000e+001	-1,11388e+001	 9,51410e-002
412	 5,1375000000e+001	-1,10873e+001	 9,85826e-002
413	 5,1500000000e+001	-1,10122e+001	 8,22415e-002
414	 5,1625000000e+001	-1,09367e+001	 9,00820e-002
415	 5,1750000000e+001	-1,08892e+001	 8,40561e-002
416	 5,1875000000e+001	-1,07932e+001	 5,79857e-002
417	 5,2000000000e+001	-1,07402e+001	 5,04015e-002
418	 5,2125000000e+001	-1,06996e+001	 5,78296e-002
419	 5,2250000000e+001	-1,05807e+001	 5,28488e-002
420	 5,2375000000e+001	-1,05102e+001	 4,12536e-002
421	 5,2500000000e+001	-1,04213e+001	 3,02479e-002
422	 5,2625000000e+001	-1,03467e+001	 1,10000e-002
423	 5,2750000000e+001	-1,02925e+001	 8,87737e-003
424	 5,2875000000e+001	-1,01807e+001	-5,07097e-003
425	 5,3000000000e+001	-1,01120e+001	 1,80069e-002
426	 5,3125000000e+001	-1,00334e+001	-1,32092e-002
427	 5,3250000000e+001	-9,92456e+000	 4,05317e-003
428	 5,3375000000e+001	-9,83750e+000	 6,80240e-004
429	 5,3500000000e+001	-9,78303e+000	-1,73311e-002
430	 5,3625000000e+001	-9,66703e+000	-3,74432e-002
431	 5,3750000000e+001	-9,61714e+000	-1,79596e-002
432	 5,3875000000e+001	-9,48702e+000	-1,50268e-002
433	 5,4000000000e+001	-9,39917e+000	-2,44429e-002
434	 5,4125000000e+001	-9,31262e+000	-3,06892e-002
435	 5,4250000000e+001	-9,22779e+000	-2,94498e-002
436	 5,4375000000e+001	-9,12061e+000	-3,45703e-002
437	 5,4500000000e+001	-9,00451e+000	-5,41083e-002
438	 5,4625000000e+001	-8,88810e+000	-6,49413e-002
439	 5,4750000000e+001	-8,78057e+000	-6,36504e-002
440	 5,4875000000e+001	-8,70831e+000	-7,06920e-002
441	 5,5000000000e+001	-8,58042e+000	-4,77686e-002
442	 5,5125000000e+001	-8,45186e+000	-9,46628e-002
443	 5,5250000000e+001	-8,36133e+000	-8,68823e-002
444	 5,5375000000e+001	-8,29476e+000	-9,49234e-002
445	 5,5500000000e+001	-8,12353e+000	-1,19667e-001
446	 5,5625000000e+001	-8,05726e+000	-1,17956e-001
447	 5,5750000000e+001	-7,92165e+000	-1,00799e-001
448	 5,5875000000e+001	-7,74390e+000	-1,43316e-001
449	 5,6000000000e+001	-7,61923e+000	-1,51340e-001
450	 5,6125000000e+001	-7,50604e+000	-1,45663e-001
451	 5,6250000000e+001	-7,40886e+000	-1,58208e-001
452	 5,6375000000e+001	-7,31277e+000	-1,71953e-001
453	 5,6500000000e+001	-7,16082e+000	-1,84595e-001
454	 5,6625000000e+001	-6,92665e+000	-2,13524e-001
455	 5,6750000000e+001	-6,88209e+000	-1,99485e-001
456	 5,6875000000e+001	-6,71750e+000	-2,11068e-001
457	 5,7000000000e+001	-6,60043e+000	-2,11890e-001
458	 5,7125000000e+001	-6,40444e+000	-2,25376e-001
459	 5,7250000000e+001	-6,31945e+000	-2,53020e-001
460	 5,7375000000e+001	-6,18353e+000	-2,64375e-001
461	 5,7500000000e+001	-5,94224e+000	-2,59748e-001
462	 5,7625000000e+001	-5,82513e+000	-2,96246e-001
463	 5,7750000000e+001	-5,71952e+000	-3,04971e-001
464	 5,7875000000e+001	-5,56733e+000	-3,45794e-001
465	 5,8000000000e+001	-5,30209e+000	-3,61813e-001
466	 5,8125000000e+001	-5,16774e+000	-3,43922e-001
467	 5,8250000000e+001	-5,02270e+000	-3,63702e-001
468	 5,8375000000e+001	-4,85354e+000	-3,91892e-001
469	 5,8500000000e+001	-4,62071e+000	-4,04183e-001
470	 5,8625000000e+001	-4,42346e+000	-4,54242e-001
471	 5,8750000000e+001	-4,28264e+000	-4,66861e-001
472	 5,8875000000e+001	-4,06622e+000	-4,78620e-001
473	 5,9000000000e+001	-3,91720e+000	-5,04391e-001
474	 5,9125000000e+001	-3,73085e+000	-4,84764e-001
475	 5,9250000000e+001	-3,47431e+000	-5,64963e-001
476	 5,9375000000e+001	-3,22024e+000	-5,71952e-001
477	 5,9500000000e+001	-3,09742e+000	-5,70655e-001
478	 5,9625000000e+001	-2,92423e+000	-5,62523e-001
479	 5,9750000000e+001	-2,65527e+000	-6,45361e-001
480	 5,9875000000e+001	-2,41049e+000	-6,88374e-001
481	 6,0000000000e+001	-2,19955e+000	-7,28015e-001
482	 6,0125000000e+001	-1,97012e+000	-7,19029e-001
483	 6,0250000000e+001	-1,64673e+000	-7,60283e-001
484	 6,0375000000e+001	-1,44169e+000	-8,33432e-001
485	 6,0500000000e+001	-1,22099e+000	-7,89293e-001
486	 6,0625000000e+001	-8,79789e-001	-9,09261e-001
487	 6,0750000000e+001	-7,36666e-001	-8,74756e-001
488	 6,0875000000e+001	-3,59229e-001	-9,35975e-001
489	 6,1000000000e+001	-1,40125e-001	-1,00313e+000
490	 6,1125000000e+001	 3,75817e-002	-1,01456e+000
491	 6,1250000000e+001	 4,71970e-001	-1,05684e+000
492	 6,1375000000e+001	 7,70116e-001	-1,06344e+000
493	 6,1500000000e+001	 1,02995e+000	-1,10493e+000
494	 6,1625000000e+001	 1,41069e+000	-1,16338e+000
495	 6,1750000000e+001	 1,61675e+000	-1,17508e+000
496	 6,1875000000e+001	 1,97373e+000	-1,25145e+000
497	 6,2000000000e+001	 2,38443e+000	-1,30966e+000
498	 6,2125000000e+001	 2,66270e+000	-1,38164e+000
499	 6,2250000000e+001	 3,19642e+000	-1,34542e+000
500	 6,2375000000e+001	 3,42202e+000	-1,41908e+000
501	 6,2500000000e+001	 3,84541e+000	-1,51981e+000
502	 6,2625000000e+001	 4,24732e+000	-1,51938e+000
503	 6,2750000000e+001	 4,61599e+000	-1,49840e+000
504	 6,2875000000e+001	 5,20097e+000	-1,51221e+000
505	 6,3000000000e+001	 5,72885e+000	-1,63797e+000
506	 6,3125000000e+001	 5,93174e+000	-1,65538e+000
507	 6,3250000000e+001	 6,45488e+000	-1,70799e+000
508	 6,3375000000e+001	 6,96631e+000	-1,83029e+000
509	 6,3500000000e+001	 7,54644e+000	-1,87424e+000
510	 6,3625000000e+001	 7,90948e+000	-1,87270e+000
511	 6,3750000000e+001	 8,82981e+000	-2,00959e+000
512	 6,3875000000e+001	 9,18015e+000	-1,94905e+000
513	 6,4000000000e+001	 9,86905e+000	-2,04940e+000
514	 6,4125000000e+001	 1,05641e+001	-2,13891e+000
515	 6,4250000000e+001	 1,10367e+001	-2,25437e+000
516	 6,4375000000e+001	 1,20210e+001	-2,34153e+000
517	 6,4500000000e+001	 1,26972e+001	-2,40672e+000
518	 6,4625000000e+001	 1,32522e+001	-2,49989e+000
519	 6,4750000000e+001	 1,40010e+001	-2,54772e+000
520	 6,4875000000e+001	 1,48499e+001	-2,79498e+000
521	 6,5000000000e+001	 1,57982e+001	-2,88345e+000
522	 6,5125000000e+001	 1,64483e+001	-2,80921e+000
523	 6,5250000000e+001	 1,77593e+001	-2,91700e+000
524	 6,5375000000e+001	 1,84028e+001	-2,88858e+000
525	 6,5500000000e+001	 2,00364e+001	-2,99173e+000
526	 6,5625000000e+001	 2,09505e+001	-3,01498e+000
527	 6,5750000000e+001	 2,20807e+001	-3,05308e+000
528	 6,5875000000e+001	 2,41529e+001	-3,32191e+000
529	 6,6000000000e+001	 2,49846e+001	-3,37361e+000
530	 6,6125000000e+001	 2,71019e+001	-2,90535e+000
531	 6,6250000000e+001	 2,87315e+001	-3,78498e+000
532	 6,6375000000e+001	 3,03101e+001	-3,78273e+000
533	 6,6500000000e+001	 3,39414e+001	-2,96049e+000
534	 6,6625000000e+001	 3,57561e+001	-3,49849e+000
535	 6,6750000000e+001	 3,74005e+001	-3,56298e+000
536	 6,6875000000e+001	 4,03391e+001	-4,32829e+000
537	 6,7000000000e+001	 4,52551e+001	-3,24917e+000
538	 6,7125000000e+001	 5,33515e+001	-2,93374e+000
539	 6,7250000000e+001	 5,89233e+001	-2,56918e+000
540	 6,7375000000e+001	 7,08379e+001	-4,25542e+000
541	 6,7500000000e+001	 7,94155e+001	-6,38307e+000
542	 6,7625000000e+001	 9,91362e+001	-3,42727e+001
543	 6,7750000000e+001	 9,33361e+001	-5,23190e+001
544	 6,7875000000e+001	 5,73088e+001	-7,16451e+001
545	 6,8000000000e+001	 5,20443e+001	-7,01661e+001
546	 6,8125000000e+001	 4,87730e+001	-6,81549e+001
547	 6,8250000000e+001	 4,82412e+001	-5,95660e+001
548	 6,8375000000e+001	 4,89394e+001	-5,81482e+001
549	 6,8500000000e+001	 5,35424e+001	-5,81508e+001
550	 6,8625000000e+001	 5,73708e+001	-5,94700e+001
551	 6,8750000000e+001	 5,96070e+001	-6,26554e+001
552	 6,8875000000e+001	 6,08916e+001	-6,65195e+001
553	 6,9000000000e+001	 7,19188e+001	-7,57332e+001
554	 6,9125000000e+001	 7,60213e+001	-7,93636e+001
555	 6,9250000000e+001	 7,85042e+001	-8,30280e+001
556	 6,9375000000e+001	 8,82093e+001	-9,99516e+001
557	 6,9500000000e+001	 9,01171e+001	-1,15169e+002
558	 6,9625000000e+001	 9,06225e+001	-1,29498e+002
559	 6,9750000000e+001	 8,91481e+001	-1,48956e+002
560	 6,9875000000e+001	 8,16155e+001	-1,64614e+002
561	 7,0000000000e+001	 5,98116e+001	-2,02420e+002
562	 7,0125000000e+001	 4,77237e+001	-2,20824e+002
563	 7,0250000000e+001	 1,58420e+001	-2,40463e+002
564	 7,0375000000e+001	-5,95044e+000	-2,50121e+002
565	 7,0500000000e+001	-6,18305e+001	-2,47412e+002
566	 7,0625000000e+001	-1,02136e+002	-2,36511e+002
567	 7,0750000000e+001	-1,24613e+002	-2,14433e+002
568	 7,0875000000e+001	-1,50154e+002	-1,85968e+002
569	 7,1000000000e+001	-1,53564e+002	-1,65483e+002
570	 7,1125000000e+001	-1,62781e+002	-1,35008e+002
571	 7,1250000000e+001	-1,55158e+002	-1,00762e+002
572	 7,1375000000e+001	-1,55711e+002	-8,92266e+001
573	 7,1500000000e+001	-1,51488e+002	-7,41709e+001
574	 7,1625000000e+001	-1,45131e+002	-6,60849e+001
575	 7,1750000000e+001	-1,34451e+002	-5,15717e+001
576	 7,1875000000e+001	-1,28107e+002	-4,67271e+001
577	 7,2000000000e+001	-1,22704e+002	-4,25527e+001
578	 7,2125000000e+001	-1,18222e+002	-3,85705e+001
579	 7,2250000000e+001	-1,15252e+002	-3,39846e+001
580	 7,2375000000e+001	-1,10160e+002	-2,76680e+001
581	 7,2500000000e+001	-1,04094e+002	-2,42318e+001
582	 7,2625000000e+001	-1,01866e+002	-2,19384e+001
583	 7,2750000000e+001	-9,84125e+001	-1,99468e+001
584	 7,2875000000e+001	-9,43381e+001	-1,74032e+001
585	 7,3000000000e+001	-9,24969e+001	-1,69637e+001
586	 7,3125000000e+001	-8,76402e+001	-1,47234e+001
587	 7,3250000000e+001	-8,68843e+001	-1,40471e+001
588	 7,3375000000e+001	-8,36260e+001	-1,23238e+001
589	 7,3500000000e+001	-8,15359e+001	-1,09344e+001
590	 7,3625000000e+001	-7,89410e+001	-9,87924e+000
591	 7,3750000000e+001	-7,68824e+001	-9,43128e+000
592	 7,3875000000e+001	-7,54647e+001	-8,97865e+000
593	 7,4000000000e+001	-7,30160e+001	-8,18237e+000
594	 7,4125000000e+001	-7,15928e+001	-7,19945e+000
595	 7,4250000000e+001	-7,06257e+001	-6,92458e+000
596	 7,4375000000e+001	-6,84238e+001	-6,57717e+000
597	 7,4500000000e+001	-6,78962e+001	-6,37096e+000
598	 7,4625000000e+001	-6,67596e+001	-5,89396e+000
599	 7,4750000000e+001	-6,55481e+001	-5,20578e+000
600	 7,4875000000e+001	-6,38127e+001	-5,09666e+000
601	 7,5000000000e+001	-6,24838e+001	-5,13003e+000
602	 7,5125000000e+001	-6,13324e+001	-4,70978e+000
603	 7,5250000000e+001	-6,08439e+001	-4,50386e+000
604	 7,5375000000e+001	-5,96887e+001	-4,17266e+000
605	 7,5500000000e+001	-5,87023e+001	-3,79794e+000
606	 7,5625000000e+001	-5,75641e+001	-3,41708e+000
607	 7,5750000000e+001	-5,70036e+001	-3,14213e+000
608	 7,5875000000e+001	-5,62826e+001	-3,02111e+000
609	 7,6000000000e+001	-5,55181e+001	-3,03559e+000
610	 7,6125000000e+001	-5,49795e+001	-2,93664e+000
611	 7,6250000000e+001	-5,36477e+001	-2,60140e+000
612	 7,6375000000e+001	-5,31961e+001	-2,66405e+000
613	 7,6500000000e+001	-5,28097e+001	-2,36975e+000
614	 7,6625000000e+001	-5,23982e+001	-2,34650e+000
615	 7,6750000000e+001	-5,15976e+001	-2,09401e+000
616	 7,6875000000e+001	-5,07256e+001	-1,98722e+000
617	 7,7000000000e+001	-5,04524e+001	-1,88494e+000
618	 7,7125000000e+001	-4,96111e+001	-2,00433e+000
619	 7,7250000000e+001	-4,91861e+001	-1,88372e+000
620	 7,7375000000e+001	-4,86565e+001	-1,78851e+000
621	 7,7500000000e+001	-4,81315e+001	-1,71333e+000
622	 7,7625000000e+001	-4,81029e+001	-1,36739e+000
623	 7,7750000000e+001	-4,71407e+001	-1,57732e+000
624	 7,7875000000e+001	-4,67604e+001	-1,47691e+000
625	 7,8000000000e+001	-4,61198e+001	-1,37081e+000
626	 7,8125000000e+001	-4,57943e+001	-1,20888e+000
627	 7,8250000000e+001	-4,56877e+001	-1,13254e+000
628	 7,8375000000e+001	-4,53172e+001	-1,17141e+000
629	 7,8500000000e+001	-4,47386e+001	-1,06341e+000
630	 7,8625000000e+001	-4,44231e+001	-9,51181e-001
631	 7,8750000000e+001	-4,41943e+001	-1,06834e+000
632	 7,8875000000e+001	-4,38422e+001	-1,07569e+000
633	 7,9000000000e+001	-4,36187e+001	-1,02809e+000
634	 7,9125000000e+001	-4,30189e+001	-9,80186e-001
635	 7,9250000000e+001	-4,27441e+001	-9,48968e-001
636	 7,9375000000e+001	-4,25663e+001	-8,31312e-001
637	 7,9500000000e+001	-4,22143e+001	-7,32553e-001
638	 7,9625000000e+001	-4,17886e+001	-7,61510e-001
639	 7,9750000000e+001	-4,16211e+001	-7,51133e-001
640	 7,9875000000e+001	-4,12730e+001	-7,23560e-001
641	 8,0000000000e+001	-4,10989e+001	-6,32248e-001
642	 8,0125000000e+001	-4,08106e+001	-6,14471e-001
643	 8,0250000000e+001	-4,05306e+001	-5,89222e-001
644	 8,0375000000e+001	-4,02147e+001	-4,93972e-001
645	 8,0500000000e+001	-4,00235e+001	-5,31820e-001
646	 8,0625000000e+001	-3,98237e+001	-5,30806e-001
647	 8,0750000000e+001	-3,96075e+001	-5,08422e-001
648	 8,0875000000e+001	-3,93731e+001	-4,59725e-001
649	 8,1000000000e+001	-3,92700e+001	-3,95485e-001
650	 8,1125000000e+001	-3,89463e+001	-3,03063e-001
651	 8,1250000000e+001	-3,86774e+001	-5,20963e-001
652	 8,1375000000e+001	-3,84363e+001	-4,92521e-001
653	 8,1500000000e+001	-3,82873e+001	-4,17090e-001
654	 8,1625000000e+001	-3,82577e+001	-4,27580e-001
655	 8,1750000000e+001	-3,78484e+001	-3,70210e-001
656	 8,1875000000e+001	-3,77397e+001	-3,44640e-001
657	 8,2000000000e+001	-3,75890e+001	-3,67066e-001
658	 8,2125000000e+001	-3,74127e+001	-3,72789e-001
659	 8,2250000000e+001	-3,71484e+001	-3,26997e-001
660	 8,2375000000e+001	-3,70427e+001	-3,48864e-001
661	 8,2500000000e+001	-3,68519e+001	-3,52400e-001
662	 8,2625000000e+001	-3,67055e+001	-3,54310e-001
663	 8,2750000000e+001	-3,65273e+001	-3,20912e-001
664	 8,2875000000e+001	-3,63928e+001	-3,06685e-001
665	 8,3000000000e+001	-3,62833e+001	-3,46570e-001
666	 8,3125000000e+001	-3,61434e+001	-3,21901e-001
667	 8,3250000000e+001	-3,59328e+001	-2,91115e-001
668	 8,3375000000e+001	-3,57265e+001	-2,54880e-001
669	 8,3500000000e+001	-3,55869e+001	-2,65029e-001
670	 8,3625000000e+001	-3,55416e+001	-3,30395e-001
671	 8,3750000000e+001	-3,53715e+001	-3,06720e-001
672	 8,3875000000e+001	-3,51721e+001	-2,19475e-001
673	 8,4000000000e+001	-3,50931e+001	-1,91765e-001
674	 8,4125000000e+001	-3,49592e+001	-2,08446e-001
675	 8,4250000000e+001	-3,48694e+001	-2,01037e-001
676	 8,4375000000e+001	-3,47863e+001	-1,94652e-001
677	 8,4500000000e+001	-3,45466e+001	-9,14765e-002
678	 8,4625000000e+001	-3,44256e+001	-1,08176e-001
679	 8,4750000000e+001	-3,43151e+001	-1,43580e-001
680	 8,4875000000e+001	-3,42130e+001	-1,52500e-001
681	 8,5000000000e+001	-3,40785e+001	-1,40495e-001
682	 8,5125000000e+001	-3,39527e+001	-1,54085e-001
683	 8,5250000000e+001	-3,38862e+001	-1,52160e-001
684	 8,5375000000e+001	-3,37356e+001	-1,42599e-001
685	 8,5500000000e+001	-3,36663e+001	-1,12269e-001
686	 8,5625000000e+001	-3,35184e+001	-4,05916e-002
687	 8,5750000000e+001	-3,34380e+001	-6,02552e-002
688	 8,5875000000e+001	-3,33743e+001	-5,05737e-002
689	 8,6000000000e+001	-3,32661e+001	-5,15170e-002
690	 8,6125000000e+001	-3,31304e+001	-4,78361e-002
691	 8,6250000000e+001	-3,30415e+001	-6,88742e-002
692	 8,6375000000e+001	-3,29466e+001	-8,36593e-002
693	 8,6500000000e+001	-3,28253e+001	-5,35135e-002
694	 8,6625000000e+001	-3,27339e+001	-6,05283e-002
695	 8,6750000000e+001	-3,26770e+001	-7,28793e-002
696	 8,6875000000e+001	-3,25850e+001	-9,29151e-002
697	 8,7000000000e+001	-3,24911e+001	-4,41740e-002
698	 8,7125000000e+001	-3,24176e+001	 1,47504e-002
699	 8,7250000000e+001	-3,23096e+001	-8,68807e-003
700	 8,7375000000e+001	-3,22377e+001	-1,57510e-002
701	 8,7500000000e+001	-3,21223e+001	-2,46756e-002
702	 8,7625000000e+001	-3,20535e+001	 6,33127e-003
703	 8,7750000000e+001	-3,20054e+001	-2,33767e-003
704	 8,7875000000e+001	-3,18407e+001	 1,84289e-002
705	 8,8000000000e+001	-3,18212e+001	 1,57710e-002
706	 8,8125000000e+001	-3,17370e+001	-2,13098e-002
707	 8,8250000000e+001	-3,16437e+001	 1,01800e-002
708	 8,8375000000e+001	-3,15879e+001	 1,71235e-002
709	 8,8500000000e+001	-3,14996e+001	 3,88464e-002
710	 8,8625000000e+001	-3,14242e+001	 1,66955e-002
711	 8,8750000000e+001	-3,13377e+001	 2,53488e-002
712	 8,8875000000e+001	-3,12674e+001	 4,83302e-002
713	 8,9000000000e+001	-3,11468e+001	 6,21964e-002
714	 8,9125000000e+001	-3,10504e+001	 5,29074e-002
715	 8,9250000000e+001	-3,10259e+001	 5,03146e-002
716	 8,9375000000e+001	-3,09444e+001	 5,74764e-002
717	 8,9500000000e+001	-3,08585e+001	 1,85473e-002
718	 8,9625000000e+001	-3,08146e+001	 2,70192e-002
719	 8,9750000000e+001	-3,07819e+001	 2,75137e-002
720	 8,9875000000e+001	-3,06748e+001	 3,33200e-002
721	 9,0000000000e+001	-3,05700e+001	 3,64376e-002
722	 9,0125000000e+001	-3,05248e+001	 4,75359e-002
723	 9,0250000000e+001	-3,04731e+001	 4,02254e-002
724	 9,0375000000e+001	-3,04440e+001	 4,72914e-002
725	 9,0500000000e+001	-3,03563e+001	 5,51129e-002
726	 9,0625000000e+001	-3,02755e+001	 6,85824e-002
727	 9,0750000000e+001	-3,01943e+001	 6,74674e-002
728	 9,0875000000e+001	-3,01519e+001	 7,50160e-002
729	 9,1000000000e+001	-3,01135e+001	 7,00586e-002
730	 9,1125000000e+001	-3,00441e+001	 5,12855e-002
731	 9,1250000000e+001	-2,99642e+001	 3,34534e-002
732	 9,1375000000e+001	-2,99260e+001	 4,03878e-002
733	 9,1500000000e+001	-2,98497e+001	 4,68192e-002
734	 9,1625000000e+001	-2,97939e+001	 5,00756e-002
735	 9,1750000000e+001	-2,97567e+001	 6,50447e-002
736	 9,1875000000e+001	-2,96905e+001	 2,55014e-002
737	 9,2000000000e+001	-2,96345e+001	 3,32843e-002
738	 9,2125000000e+001	-2,96040e+001	 4,78822e-002
739	 9,2250000000e+001	-2,95131e+001	 3,39225e-002
740	 9,2375000000e+001	-2,94732e+001	 6,45176e-003
741	 9,2500000000e+001	-2,94038e+001	 3,36464e-003
742	 9,2625000000e+001	-2,93276e+001	 1,60164e-003
743	 9,2750000000e+001	-2,92784e+001	 3,49524e-002
744	 9,2875000000e+001	-2,92316e+001	 2,21509e-002
745	 9,3000000000e+001	-2,92128e+001	 2,07091e-002
746	 9,3125000000e+001	-2,92105e+001	 1,49873e-002
747	 9,3250000000e+001	-2,91543e+001	 5,89783e-003
748	 9,3375000000e+001	-2,90926e+001	-4,84943e-003
749	 9,3500000000e+001	-2,90300e+001	 1,04897e-002
750	 9,3625000000e+001	-2,89993e+001	 2,06861e-002
751	 9,3750000000e+001	-2,89720e+001	 1,68122e-002
752	 9,3875000000e+001	-2,89395e+001	 2,78160e-002
753	 9,4000000000e+001	-2,88978e+001	 2,07306e-002
754	 9,4125000000e+001	-2,87852e+001	 1,59547e-002
755	 9,4250000000e+001	-2,87575e+001	 5,29901e-003
756	 9,4375000000e+001	-2,87637e+001	-7,80354e-003
757	 9,4500000000e+001	-2,87431e+001	 1,30967e-002
758	 9,4625000000e+001	-2,87003e+001	-9,47653e-003
759	 9,4750000000e+001	-2,86256e+001	 1,08220e-002
760	 9,4875000000e+001	-2,86141e+001	 2,57454e-002
761	 9,5000000000e+001	-2,85661e+001	 3,91179e-002
762	 9,5125000000e+001	-2,85114e+001	 4,06077e-002
763	 9,5250000000e+001	-2,84824e+001	 4,42858e-002
764	 9,5375000000e+001	-2,84451e+001	 2,85904e-002
765	 9,5500000000e+001	-2,84292e+001	 2,79430e-002
766	 9,5625000000e+001	-2,83382e+001	 3,49641e-002
767	 9,5750000000e+001	-2,83265e+001	 5,03775e-002
768	 9,5875000000e+001	-2,83080e+001	 4,71832e-002
769	 9,6000000000e+001	-2,82663e+001	 5,11108e-002
770	 9,6125000000e+001	-2,82040e+001	 6,05667e-002
771	 9,6250000000e+001	-2,81891e+001	 6,93128e-002
772	 9,6375000000e+001	-2,81825e+001	 6,96782e-002
773	 9,6500000000e+001	-2,81467e+001	 6,28810e-002
774	 9,6625000000e+001	-2,80919e+001	 8,86247e-002
775	 9,6750000000e+001	-2,80273e+001	 9,73997e-002
776	 9,6875000000e+001	-2,80097e+001	 9,78444e-002
777	 9,7000000000e+001	-2,79736e+001	 9,67150e-002
778	 9,7125000000e+001	-2,79223e+001	 1,01144e-001
779	 9,7250000000e+001	-2,79136e+001	 1,30993e-001
780	 9,7375000000e+001	-2,78521e+001	 1,37114e-001
781	 9,7500000000e+001	-2,78036e+001	 1,21900e-001
782	 9,7625000000e+001	-2,77828e+001	 1,26376e-001
783	 9,7750000000e+001	-2,77273e+001	 1,29864e-001
784	 9,7875000000e+001	-2,76983e+001	 1,63357e-001
785	 9,8000000000e+001	-2,76621e+001	 1,66048e-001
786	 9,8125000000e+001	-2,76180e+001	 1,59699e-001
787	 9,8250000000e+001	-2,75687e+001	 1,69401e-001
788	 9,8375000000e+001	-2,75291e+001	 1,68042e-001
789	 9,8500000000e+001	-2,74899e+001	 1,75523e-001
790	 9,8625000000e+001	-2,74653e+001	 1,86775e-001
791	 9,8750000000e+001	-2,74379e+001	 1,86007e-001
792	 9,8875000000e+001	-2,73957e+001	 1,85614e-001
793	 9,9000000000e+001	-2,73687e+001	 1,84995e-001
794	 9,9125000000e+001	-2,73273e+001	 2,00547e-001
795	 9,9250000000e+001	-2,72644e+001	 2,25483e-001
796	 9,9375000000e+001	-2,72269e+001	 1,68431e-001
797	 9,9500000000e+001	-2,72109e+001	 1,87236e-001
798	 9,9625000000e+001	-2,71540e+001	 1,86120e-001
799	 9,9750000000e+001	-2,70961e+001	 2,05772e-001
800	 9,9875000000e+001	-2,70765e+001	 2,43217e-001
801	 1,0000000000e+002	-2,70452e+001	 2,21650e-001
TagsBegin:	 	 	 
OverLoad:	 	False	 
AverageNumber: []	 	 6,00000e+000	 
OverLoadRatio: []	 	 1,19209e-007	 
TagsEnd:	 	 	 
TagScalesBegin:	 	 	 
TagScalesEnd:	 	 	 
