Header Size:	 79	 	 
Pulse Version:	 80	 	 
Running Pulse Version:	PULSE LabShop  Version 18.1.0.28 - 2013-11-23	 	 
Decimal Symbol:	,	 	 
Date Format:	dd.MM.yyyy	 	 
Time Format:	HH:mm:ss:mmm	 	 
Data Type:	Complex	 	 
Slice:	False	 	 
Z-Axis type:	Linear	 	 
Z-Axis size:	1	 	 
Z-Axis unit:	 	 	 
Z-Axis first value:	 0,0000000000e+000	 	 
Z-Axis delta:	 1,0000000000e+000	 	 
X-Axis type:	Linear	 	 
X-Axis size:	801	 	 
X-Axis unit:	Hz	 	 
X-Axis first value:	 0,0000000000e+000	 	 
X-Axis delta:	 1,2500000000e-001	 	 
	 	 	 
AmplitudeUnit:	(m/s²)/N	 	 
Analyzer:	FFT_Spectrum_Averaging	 	 
AnalyzerName:	STS FFT Analyzer	 	 
	 	 	 
	 	 	 
Bipolar:	True	 	 
CenterFrequency:	 5,0000000000e+001	 	 
	 	 	 
	 	 	 
	 	 	 
	 	 	 
	 	 	 
	 	 	 
	 	 	 
	 	 	 
Domain:	1	 	 
Function:	Frequency Response	 	 
	 	 	 
	 	 	 
	 	 	 
	 	 	 
MultiBufferName:	Input	 	 
NBW:	 1,5000000000e+000	 	 
	 	 	 
OverlapFailed:	False	 	 
Overrun:	False	 	 
Power:	False	 	 
	 	 	 
Ratio:	True	 	 
RecordLength:	 8,0000000000e+000	 	 
ReducedSize:	True	 	 
Ref_Signal:	ForceTransducer Ref.	 	 
	 	 	 
	 	 	 
RefSignalUnit:	N	 	 
	 	 	 
	 	 	 
Signal:	4507 B 1-x	 	 
	 	 	 
SignalUnit:	m/s²	 	 
	 	 	 
	 	 	 
	 	 	 
Title:	Frequency Response H1(4507 B 1-x,ForceTransducer Ref.) - STS Measurement 1	 	 
Title1:	STS : STS Measurement 1 : Input : STS FFT Analyzer	 	 
	 	 	 
	 	 	 
	 	 	 
ZoomOn:	False	 	 
	 	 	 
TemplateName:	STS	 	 
MeasurementName:	STS Measurement 1	 	 
MeasurementSlice:	False	 	 
	 	 	 
	 	 	 
	 	 	 
EnvelopeOn:	False	 	 
	 	 	 
	 	 	 
	 	 	 
Z-index:	 	1	 
Date:	 	01.03.2016	 
Time:	 	17:11:25:416	 
Relative time:	 	 0,00000e+000	 
Z-axis:	 	 0,0000000000e+000	 
1	 0,0000000000e+000	 2,33849e+001	-0,00000e+000
2	 1,2500000000e-001	 1,45140e+001	-2,16758e+001
3	 2,5000000000e-001	-9,12325e+000	 1,97963e+001
4	 3,7500000000e-001	 1,05908e+000	-1,40866e+000
5	 5,0000000000e-001	-6,47728e-001	-2,37543e+000
6	 6,2500000000e-001	 1,33853e+000	 1,76455e+000
7	 7,5000000000e-001	 3,41095e-001	 4,81726e-001
8	 8,7500000000e-001	-3,95644e-001	 3,22404e-002
9	 1,0000000000e+000	-2,58252e-001	 2,04643e-001
10	 1,1250000000e+000	 2,29672e-002	 1,26709e-001
11	 1,2500000000e+000	 2,11029e-001	 7,14798e-002
12	 1,3750000000e+000	 2,56158e-001	-2,74506e-002
13	 1,5000000000e+000	 2,19747e-001	-9,59890e-002
14	 1,6250000000e+000	 6,10019e-001	-6,11780e-002
15	 1,7500000000e+000	 5,71623e-001	-2,03144e-001
16	 1,8750000000e+000	 6,44377e-001	-2,88931e-001
17	 2,0000000000e+000	 6,70144e-001	-2,25685e-001
18	 2,1250000000e+000	 6,68857e-001	-1,65568e-001
19	 2,2500000000e+000	 8,20940e-001	-2,44716e-001
20	 2,3750000000e+000	 9,63724e-001	-2,66530e-001
21	 2,5000000000e+000	 9,64892e-001	-1,87421e-001
22	 2,6250000000e+000	 1,10531e+000	-2,66480e-001
23	 2,7500000000e+000	 1,25832e+000	-3,09083e-001
24	 2,8750000000e+000	 1,45992e+000	-3,10826e-001
25	 3,0000000000e+000	 1,54824e+000	-3,88616e-001
26	 3,1250000000e+000	 1,62489e+000	-3,94094e-001
27	 3,2500000000e+000	 1,87074e+000	-4,30505e-001
28	 3,3750000000e+000	 1,96795e+000	-4,30806e-001
29	 3,5000000000e+000	 2,01429e+000	-4,02760e-001
30	 3,6250000000e+000	 2,37225e+000	-4,59732e-001
31	 3,7500000000e+000	 2,45580e+000	-4,98561e-001
32	 3,8750000000e+000	 2,54275e+000	-4,95082e-001
33	 4,0000000000e+000	 2,90332e+000	-5,19921e-001
34	 4,1250000000e+000	 3,01257e+000	-5,68140e-001
35	 4,2500000000e+000	 3,24885e+000	-6,36893e-001
36	 4,3750000000e+000	 3,41530e+000	-6,57180e-001
37	 4,5000000000e+000	 3,65215e+000	-6,36724e-001
38	 4,6250000000e+000	 4,12355e+000	-7,56671e-001
39	 4,7500000000e+000	 4,21003e+000	-7,69696e-001
40	 4,8750000000e+000	 4,46845e+000	-8,24898e-001
41	 5,0000000000e+000	 4,82318e+000	-8,07383e-001
42	 5,1250000000e+000	 4,99869e+000	-8,59409e-001
43	 5,2500000000e+000	 5,40726e+000	-1,00408e+000
44	 5,3750000000e+000	 5,84594e+000	-1,01643e+000
45	 5,5000000000e+000	 6,08294e+000	-1,00818e+000
46	 5,6250000000e+000	 6,33566e+000	-1,08436e+000
47	 5,7500000000e+000	 6,84907e+000	-1,01216e+000
48	 5,8750000000e+000	 7,39626e+000	-9,74770e-001
49	 6,0000000000e+000	 7,65877e+000	-1,04147e+000
50	 6,1250000000e+000	 8,14098e+000	-1,10019e+000
51	 6,2500000000e+000	 8,55724e+000	-1,17618e+000
52	 6,3750000000e+000	 9,34446e+000	-1,28952e+000
53	 6,5000000000e+000	 9,74556e+000	-1,45701e+000
54	 6,6250000000e+000	 1,01313e+001	-1,40701e+000
55	 6,7500000000e+000	 1,07776e+001	-1,16701e+000
56	 6,8750000000e+000	 1,16014e+001	-1,27664e+000
57	 7,0000000000e+000	 1,22392e+001	-1,31722e+000
58	 7,1250000000e+000	 1,29970e+001	-1,63098e+000
59	 7,2500000000e+000	 1,38699e+001	-1,83897e+000
60	 7,3750000000e+000	 1,45913e+001	-2,08413e+000
61	 7,5000000000e+000	 1,57515e+001	-1,96848e+000
62	 7,6250000000e+000	 1,69369e+001	-2,05899e+000
63	 7,7500000000e+000	 1,77019e+001	-2,08484e+000
64	 7,8750000000e+000	 1,86500e+001	-2,29457e+000
65	 8,0000000000e+000	 2,00076e+001	-2,05306e+000
66	 8,1250000000e+000	 2,25148e+001	-2,47620e+000
67	 8,2500000000e+000	 2,28888e+001	-2,67807e+000
68	 8,3750000000e+000	 2,41738e+001	-2,96736e+000
69	 8,5000000000e+000	 2,61228e+001	-3,12020e+000
70	 8,6250000000e+000	 2,78921e+001	-3,56974e+000
71	 8,7500000000e+000	 3,11116e+001	-3,34998e+000
72	 8,8750000000e+000	 3,35224e+001	-3,72836e+000
73	 9,0000000000e+000	 3,51454e+001	-4,40866e+000
74	 9,1250000000e+000	 4,06731e+001	-4,98097e+000
75	 9,2500000000e+000	 4,09722e+001	-3,99907e+000
76	 9,3750000000e+000	 4,67851e+001	-2,22340e+000
77	 9,5000000000e+000	 5,47100e+001	-4,51702e+000
78	 9,6250000000e+000	 5,88573e+001	-5,91501e+000
79	 9,7500000000e+000	 6,11526e+001	-6,61731e+000
80	 9,8750000000e+000	 7,24638e+001	-8,05308e+000
81	 1,0000000000e+001	 8,04031e+001	-1,04608e+001
82	 1,0125000000e+001	 8,96643e+001	-1,09710e+001
83	 1,0250000000e+001	 1,15260e+002	-4,25393e+000
84	 1,0375000000e+001	 1,27644e+002	 5,20808e+000
85	 1,0500000000e+001	 1,53199e+002	 1,99848e+001
86	 1,0625000000e+001	 1,53695e+002	 6,99765e+001
87	 1,0750000000e+001	 1,37177e+002	 1,33124e+002
88	 1,0875000000e+001	 1,41706e+001	 3,41134e+002
89	 1,1000000000e+001	-1,42342e+002	 2,52909e+002
90	 1,1125000000e+001	-1,50920e+002	 1,52779e+002
91	 1,1250000000e+001	-1,39468e+002	 6,52384e+001
92	 1,1375000000e+001	-1,29876e+002	 3,02607e+001
93	 1,1500000000e+001	-1,19450e+002	 2,31754e+001
94	 1,1625000000e+001	-1,08603e+002	 8,13256e+000
95	 1,1750000000e+001	-1,02158e+002	 5,67690e+000
96	 1,1875000000e+001	-9,74949e+001	 2,02798e+000
97	 1,2000000000e+001	-8,84892e+001	 5,85192e-001
98	 1,2125000000e+001	-8,18049e+001	 2,30965e+000
99	 1,2250000000e+001	-7,72381e+001	 2,75394e+000
100	 1,2375000000e+001	-7,30381e+001	 2,00891e+000
101	 1,2500000000e+001	-6,70289e+001	 2,49137e+000
102	 1,2625000000e+001	-6,47727e+001	 9,92518e-001
103	 1,2750000000e+001	-6,18007e+001	 1,64211e+000
104	 1,2875000000e+001	-5,99439e+001	 2,45498e+000
105	 1,3000000000e+001	-5,64198e+001	 1,22100e+000
106	 1,3125000000e+001	-5,44350e+001	 1,53612e+000
107	 1,3250000000e+001	-5,25771e+001	 1,82974e+000
108	 1,3375000000e+001	-5,08156e+001	 2,05397e+000
109	 1,3500000000e+001	-4,91489e+001	 1,92219e+000
110	 1,3625000000e+001	-4,76465e+001	 1,59645e+000
111	 1,3750000000e+001	-4,66513e+001	 1,09727e+000
112	 1,3875000000e+001	-4,47272e+001	 1,27374e+000
113	 1,4000000000e+001	-4,37571e+001	 1,06437e+000
114	 1,4125000000e+001	-4,17964e+001	 1,51644e+000
115	 1,4250000000e+001	-4,14257e+001	 1,49914e+000
116	 1,4375000000e+001	-4,03924e+001	 1,58502e+000
117	 1,4500000000e+001	-3,90537e+001	 1,81621e+000
118	 1,4625000000e+001	-3,86123e+001	 1,42532e+000
119	 1,4750000000e+001	-3,75325e+001	 1,41081e+000
120	 1,4875000000e+001	-3,69281e+001	 1,39155e+000
121	 1,5000000000e+001	-3,65906e+001	 1,46269e+000
122	 1,5125000000e+001	-3,49418e+001	 1,74020e+000
123	 1,5250000000e+001	-3,46581e+001	 1,50944e+000
124	 1,5375000000e+001	-3,40773e+001	 1,33420e+000
125	 1,5500000000e+001	-3,37430e+001	 1,41284e+000
126	 1,5625000000e+001	-3,33448e+001	 1,29140e+000
127	 1,5750000000e+001	-3,29138e+001	 1,09718e+000
128	 1,5875000000e+001	-3,24184e+001	 1,17917e+000
129	 1,6000000000e+001	-3,19818e+001	 1,21677e+000
130	 1,6125000000e+001	-3,14969e+001	 9,55374e-001
131	 1,6250000000e+001	-3,12202e+001	 1,00535e+000
132	 1,6375000000e+001	-3,04337e+001	 1,18483e+000
133	 1,6500000000e+001	-3,03053e+001	 1,15181e+000
134	 1,6625000000e+001	-2,99000e+001	 1,13148e+000
135	 1,6750000000e+001	-2,94391e+001	 1,08824e+000
136	 1,6875000000e+001	-2,93120e+001	 9,95608e-001
137	 1,7000000000e+001	-2,91462e+001	 9,89729e-001
138	 1,7125000000e+001	-2,88022e+001	 8,30289e-001
139	 1,7250000000e+001	-2,82395e+001	 1,05800e+000
140	 1,7375000000e+001	-2,81436e+001	 9,11843e-001
141	 1,7500000000e+001	-2,79412e+001	 8,99518e-001
142	 1,7625000000e+001	-2,77072e+001	 9,11351e-001
143	 1,7750000000e+001	-2,74725e+001	 9,68783e-001
144	 1,7875000000e+001	-2,71551e+001	 9,87431e-001
145	 1,8000000000e+001	-2,69606e+001	 8,50747e-001
146	 1,8125000000e+001	-2,66642e+001	 8,81889e-001
147	 1,8250000000e+001	-2,65445e+001	 8,30440e-001
148	 1,8375000000e+001	-2,64211e+001	 8,50957e-001
149	 1,8500000000e+001	-2,62648e+001	 9,80755e-001
150	 1,8625000000e+001	-2,61274e+001	 9,72709e-001
151	 1,8750000000e+001	-2,58727e+001	 8,26959e-001
152	 1,8875000000e+001	-2,55227e+001	 7,45937e-001
153	 1,9000000000e+001	-2,53165e+001	 7,91118e-001
154	 1,9125000000e+001	-2,52179e+001	 7,72663e-001
155	 1,9250000000e+001	-2,50318e+001	 7,64929e-001
156	 1,9375000000e+001	-2,49160e+001	 7,12952e-001
157	 1,9500000000e+001	-2,48242e+001	 7,54577e-001
158	 1,9625000000e+001	-2,46825e+001	 7,66877e-001
159	 1,9750000000e+001	-2,46553e+001	 7,64088e-001
160	 1,9875000000e+001	-2,44144e+001	 6,52959e-001
161	 2,0000000000e+001	-2,41959e+001	 7,19847e-001
162	 2,0125000000e+001	-2,41197e+001	 7,48123e-001
163	 2,0250000000e+001	-2,39613e+001	 7,70137e-001
164	 2,0375000000e+001	-2,38447e+001	 7,97690e-001
165	 2,0500000000e+001	-2,37368e+001	 8,05744e-001
166	 2,0625000000e+001	-2,35978e+001	 7,71077e-001
167	 2,0750000000e+001	-2,34996e+001	 7,58236e-001
168	 2,0875000000e+001	-2,34263e+001	 7,54093e-001
169	 2,1000000000e+001	-2,33271e+001	 7,61372e-001
170	 2,1125000000e+001	-2,31484e+001	 8,24777e-001
171	 2,1250000000e+001	-2,31049e+001	 7,74862e-001
172	 2,1375000000e+001	-2,29986e+001	 6,75842e-001
173	 2,1500000000e+001	-2,28244e+001	 7,13513e-001
174	 2,1625000000e+001	-2,27624e+001	 7,38319e-001
175	 2,1750000000e+001	-2,27108e+001	 7,56968e-001
176	 2,1875000000e+001	-2,25491e+001	 7,91506e-001
177	 2,2000000000e+001	-2,24556e+001	 7,50319e-001
178	 2,2125000000e+001	-2,23680e+001	 7,21521e-001
179	 2,2250000000e+001	-2,23067e+001	 7,27107e-001
180	 2,2375000000e+001	-2,21851e+001	 7,36055e-001
181	 2,2500000000e+001	-2,21321e+001	 7,10308e-001
182	 2,2625000000e+001	-2,20127e+001	 7,31722e-001
183	 2,2750000000e+001	-2,19400e+001	 7,33452e-001
184	 2,2875000000e+001	-2,18614e+001	 7,13667e-001
185	 2,3000000000e+001	-2,17638e+001	 7,16609e-001
186	 2,3125000000e+001	-2,17023e+001	 7,08215e-001
187	 2,3250000000e+001	-2,16139e+001	 7,10143e-001
188	 2,3375000000e+001	-2,15525e+001	 7,47117e-001
189	 2,3500000000e+001	-2,14634e+001	 7,27706e-001
190	 2,3625000000e+001	-2,13856e+001	 7,46691e-001
191	 2,3750000000e+001	-2,12987e+001	 7,31215e-001
192	 2,3875000000e+001	-2,12328e+001	 7,21980e-001
193	 2,4000000000e+001	-2,11529e+001	 7,31287e-001
194	 2,4125000000e+001	-2,11114e+001	 7,36050e-001
195	 2,4250000000e+001	-2,10303e+001	 7,37829e-001
196	 2,4375000000e+001	-2,09550e+001	 7,21527e-001
197	 2,4500000000e+001	-2,08943e+001	 7,26297e-001
198	 2,4625000000e+001	-2,08086e+001	 7,30561e-001
199	 2,4750000000e+001	-2,07208e+001	 7,11211e-001
200	 2,4875000000e+001	-2,06423e+001	 7,23991e-001
201	 2,5000000000e+001	-2,05873e+001	 7,30075e-001
202	 2,5125000000e+001	-2,05674e+001	 7,14053e-001
203	 2,5250000000e+001	-2,04952e+001	 6,99162e-001
204	 2,5375000000e+001	-2,04214e+001	 7,24124e-001
205	 2,5500000000e+001	-2,03999e+001	 7,08591e-001
206	 2,5625000000e+001	-2,02893e+001	 6,80480e-001
207	 2,5750000000e+001	-2,02159e+001	 6,98068e-001
208	 2,5875000000e+001	-2,02075e+001	 7,15156e-001
209	 2,6000000000e+001	-2,01721e+001	 7,13043e-001
210	 2,6125000000e+001	-2,00463e+001	 6,84138e-001
211	 2,6250000000e+001	-2,00119e+001	 6,90216e-001
212	 2,6375000000e+001	-1,99464e+001	 7,13062e-001
213	 2,6500000000e+001	-1,98809e+001	 7,09353e-001
214	 2,6625000000e+001	-1,98509e+001	 6,65875e-001
215	 2,6750000000e+001	-1,97741e+001	 6,67169e-001
216	 2,6875000000e+001	-1,97197e+001	 6,58936e-001
217	 2,7000000000e+001	-1,96857e+001	 6,77332e-001
218	 2,7125000000e+001	-1,96195e+001	 6,66011e-001
219	 2,7250000000e+001	-1,95851e+001	 6,46475e-001
220	 2,7375000000e+001	-1,95242e+001	 6,31340e-001
221	 2,7500000000e+001	-1,94468e+001	 6,52774e-001
222	 2,7625000000e+001	-1,94164e+001	 6,65904e-001
223	 2,7750000000e+001	-1,93724e+001	 6,57060e-001
224	 2,7875000000e+001	-1,93292e+001	 6,37569e-001
225	 2,8000000000e+001	-1,92807e+001	 6,47653e-001
226	 2,8125000000e+001	-1,92307e+001	 6,10262e-001
227	 2,8250000000e+001	-1,91792e+001	 6,18609e-001
228	 2,8375000000e+001	-1,91594e+001	 6,19234e-001
229	 2,8500000000e+001	-1,91217e+001	 5,89203e-001
230	 2,8625000000e+001	-1,90699e+001	 5,94032e-001
231	 2,8750000000e+001	-1,90119e+001	 6,05673e-001
232	 2,8875000000e+001	-1,89579e+001	 5,95724e-001
233	 2,9000000000e+001	-1,89300e+001	 5,87172e-001
234	 2,9125000000e+001	-1,88657e+001	 5,85424e-001
235	 2,9250000000e+001	-1,88296e+001	 5,95388e-001
236	 2,9375000000e+001	-1,87823e+001	 5,98940e-001
237	 2,9500000000e+001	-1,87583e+001	 5,91302e-001
238	 2,9625000000e+001	-1,87165e+001	 5,87584e-001
239	 2,9750000000e+001	-1,86717e+001	 5,91885e-001
240	 2,9875000000e+001	-1,86667e+001	 5,90809e-001
241	 3,0000000000e+001	-1,85877e+001	 5,97004e-001
242	 3,0125000000e+001	-1,85443e+001	 5,90051e-001
243	 3,0250000000e+001	-1,85316e+001	 5,94790e-001
244	 3,0375000000e+001	-1,84670e+001	 6,12180e-001
245	 3,0500000000e+001	-1,84390e+001	 5,46564e-001
246	 3,0625000000e+001	-1,84000e+001	 5,29932e-001
247	 3,0750000000e+001	-1,83483e+001	 5,55849e-001
248	 3,0875000000e+001	-1,82693e+001	 5,50063e-001
249	 3,1000000000e+001	-1,82399e+001	 5,46195e-001
250	 3,1125000000e+001	-1,82290e+001	 5,38027e-001
251	 3,1250000000e+001	-1,82224e+001	 5,32580e-001
252	 3,1375000000e+001	-1,81862e+001	 5,29474e-001
253	 3,1500000000e+001	-1,81278e+001	 5,35674e-001
254	 3,1625000000e+001	-1,81141e+001	 5,33233e-001
255	 3,1750000000e+001	-1,80565e+001	 5,45008e-001
256	 3,1875000000e+001	-1,80096e+001	 5,32098e-001
257	 3,2000000000e+001	-1,79861e+001	 5,24714e-001
258	 3,2125000000e+001	-1,79447e+001	 5,07674e-001
259	 3,2250000000e+001	-1,79045e+001	 4,87272e-001
260	 3,2375000000e+001	-1,78600e+001	 4,95740e-001
261	 3,2500000000e+001	-1,78320e+001	 4,96119e-001
262	 3,2625000000e+001	-1,77898e+001	 4,76727e-001
263	 3,2750000000e+001	-1,77709e+001	 4,79662e-001
264	 3,2875000000e+001	-1,77263e+001	 4,60723e-001
265	 3,3000000000e+001	-1,76959e+001	 4,60993e-001
266	 3,3125000000e+001	-1,76818e+001	 4,62300e-001
267	 3,3250000000e+001	-1,76074e+001	 4,47854e-001
268	 3,3375000000e+001	-1,75895e+001	 4,43347e-001
269	 3,3500000000e+001	-1,75675e+001	 4,45784e-001
270	 3,3625000000e+001	-1,75162e+001	 4,12561e-001
271	 3,3750000000e+001	-1,75017e+001	 4,45577e-001
272	 3,3875000000e+001	-1,74873e+001	 4,56684e-001
273	 3,4000000000e+001	-1,74567e+001	 4,54169e-001
274	 3,4125000000e+001	-1,74412e+001	 4,49454e-001
275	 3,4250000000e+001	-1,73859e+001	 4,34409e-001
276	 3,4375000000e+001	-1,73542e+001	 4,29052e-001
277	 3,4500000000e+001	-1,73419e+001	 4,45665e-001
278	 3,4625000000e+001	-1,73211e+001	 4,36364e-001
279	 3,4750000000e+001	-1,72701e+001	 4,32609e-001
280	 3,4875000000e+001	-1,72409e+001	 4,52755e-001
281	 3,5000000000e+001	-1,71748e+001	 4,56639e-001
282	 3,5125000000e+001	-1,71415e+001	 4,23657e-001
283	 3,5250000000e+001	-1,71201e+001	 4,33026e-001
284	 3,5375000000e+001	-1,70902e+001	 4,34494e-001
285	 3,5500000000e+001	-1,70547e+001	 4,40489e-001
286	 3,5625000000e+001	-1,70255e+001	 4,26147e-001
287	 3,5750000000e+001	-1,70017e+001	 4,31304e-001
288	 3,5875000000e+001	-1,69619e+001	 4,19825e-001
289	 3,6000000000e+001	-1,69303e+001	 4,15416e-001
290	 3,6125000000e+001	-1,68878e+001	 4,15365e-001
291	 3,6250000000e+001	-1,68534e+001	 4,20485e-001
292	 3,6375000000e+001	-1,68155e+001	 4,26681e-001
293	 3,6500000000e+001	-1,68000e+001	 4,20360e-001
294	 3,6625000000e+001	-1,67651e+001	 4,09923e-001
295	 3,6750000000e+001	-1,67108e+001	 4,23549e-001
296	 3,6875000000e+001	-1,66878e+001	 4,29187e-001
297	 3,7000000000e+001	-1,66388e+001	 4,06794e-001
298	 3,7125000000e+001	-1,65965e+001	 3,98022e-001
299	 3,7250000000e+001	-1,65674e+001	 4,10856e-001
300	 3,7375000000e+001	-1,65372e+001	 4,10397e-001
301	 3,7500000000e+001	-1,65139e+001	 4,02136e-001
302	 3,7625000000e+001	-1,64897e+001	 4,06968e-001
303	 3,7750000000e+001	-1,64426e+001	 3,99094e-001
304	 3,7875000000e+001	-1,64123e+001	 3,91600e-001
305	 3,8000000000e+001	-1,63792e+001	 3,95449e-001
306	 3,8125000000e+001	-1,63420e+001	 3,71098e-001
307	 3,8250000000e+001	-1,63119e+001	 3,82857e-001
308	 3,8375000000e+001	-1,62482e+001	 4,07335e-001
309	 3,8500000000e+001	-1,62295e+001	 3,93654e-001
310	 3,8625000000e+001	-1,62076e+001	 3,86358e-001
311	 3,8750000000e+001	-1,61760e+001	 3,61092e-001
312	 3,8875000000e+001	-1,61440e+001	 3,81658e-001
313	 3,9000000000e+001	-1,61119e+001	 3,74544e-001
314	 3,9125000000e+001	-1,60776e+001	 3,90847e-001
315	 3,9250000000e+001	-1,60127e+001	 4,03615e-001
316	 3,9375000000e+001	-1,59877e+001	 3,80611e-001
317	 3,9500000000e+001	-1,59676e+001	 3,80105e-001
318	 3,9625000000e+001	-1,59184e+001	 3,76319e-001
319	 3,9750000000e+001	-1,59038e+001	 3,78589e-001
320	 3,9875000000e+001	-1,58766e+001	 3,85094e-001
321	 4,0000000000e+001	-1,58008e+001	 3,73145e-001
322	 4,0125000000e+001	-1,57938e+001	 3,64749e-001
323	 4,0250000000e+001	-1,57313e+001	 3,83903e-001
324	 4,0375000000e+001	-1,57211e+001	 3,83672e-001
325	 4,0500000000e+001	-1,56727e+001	 3,70146e-001
326	 4,0625000000e+001	-1,56281e+001	 3,59109e-001
327	 4,0750000000e+001	-1,56122e+001	 3,57988e-001
328	 4,0875000000e+001	-1,55583e+001	 3,70286e-001
329	 4,1000000000e+001	-1,55227e+001	 3,59272e-001
330	 4,1125000000e+001	-1,54781e+001	 3,68099e-001
331	 4,1250000000e+001	-1,54414e+001	 3,50056e-001
332	 4,1375000000e+001	-1,54284e+001	 3,78439e-001
333	 4,1500000000e+001	-1,54097e+001	 3,69510e-001
334	 4,1625000000e+001	-1,53459e+001	 3,63933e-001
335	 4,1750000000e+001	-1,52735e+001	 3,31989e-001
336	 4,1875000000e+001	-1,52622e+001	 3,44451e-001
337	 4,2000000000e+001	-1,52533e+001	 3,39377e-001
338	 4,2125000000e+001	-1,51940e+001	 3,32967e-001
339	 4,2250000000e+001	-1,51743e+001	 3,37648e-001
340	 4,2375000000e+001	-1,51166e+001	 3,39397e-001
341	 4,2500000000e+001	-1,50797e+001	 3,44840e-001
342	 4,2625000000e+001	-1,50139e+001	 3,37844e-001
343	 4,2750000000e+001	-1,49821e+001	 3,26764e-001
344	 4,2875000000e+001	-1,49653e+001	 3,41815e-001
345	 4,3000000000e+001	-1,49067e+001	 3,31357e-001
346	 4,3125000000e+001	-1,48542e+001	 3,24073e-001
347	 4,3250000000e+001	-1,48444e+001	 3,29489e-001
348	 4,3375000000e+001	-1,48015e+001	 3,29412e-001
349	 4,3500000000e+001	-1,47436e+001	 3,44388e-001
350	 4,3625000000e+001	-1,46980e+001	 3,53815e-001
351	 4,3750000000e+001	-1,46750e+001	 3,55827e-001
352	 4,3875000000e+001	-1,46064e+001	 3,51051e-001
353	 4,4000000000e+001	-1,45585e+001	 3,62166e-001
354	 4,4125000000e+001	-1,45255e+001	 3,19915e-001
355	 4,4250000000e+001	-1,44491e+001	 3,24324e-001
356	 4,4375000000e+001	-1,44396e+001	 3,25044e-001
357	 4,4500000000e+001	-1,44232e+001	 3,21073e-001
358	 4,4625000000e+001	-1,43616e+001	 3,15787e-001
359	 4,4750000000e+001	-1,43358e+001	 3,16445e-001
360	 4,4875000000e+001	-1,42782e+001	 3,12710e-001
361	 4,5000000000e+001	-1,42383e+001	 3,18562e-001
362	 4,5125000000e+001	-1,41923e+001	 3,29055e-001
363	 4,5250000000e+001	-1,41164e+001	 2,94404e-001
364	 4,5375000000e+001	-1,41077e+001	 2,78303e-001
365	 4,5500000000e+001	-1,40358e+001	 2,78943e-001
366	 4,5625000000e+001	-1,40065e+001	 2,86672e-001
367	 4,5750000000e+001	-1,39310e+001	 2,91985e-001
368	 4,5875000000e+001	-1,38954e+001	 2,92008e-001
369	 4,6000000000e+001	-1,38673e+001	 2,91376e-001
370	 4,6125000000e+001	-1,37787e+001	 2,83031e-001
371	 4,6250000000e+001	-1,37426e+001	 2,75957e-001
372	 4,6375000000e+001	-1,36914e+001	 2,76024e-001
373	 4,6500000000e+001	-1,36529e+001	 2,81575e-001
374	 4,6625000000e+001	-1,36312e+001	 2,84029e-001
375	 4,6750000000e+001	-1,35766e+001	 2,84863e-001
376	 4,6875000000e+001	-1,35346e+001	 2,91682e-001
377	 4,7000000000e+001	-1,34624e+001	 2,64755e-001
378	 4,7125000000e+001	-1,34241e+001	 2,40674e-001
379	 4,7250000000e+001	-1,33921e+001	 2,62367e-001
380	 4,7375000000e+001	-1,33055e+001	 2,57307e-001
381	 4,7500000000e+001	-1,32259e+001	 2,50538e-001
382	 4,7625000000e+001	-1,32080e+001	 2,66771e-001
383	 4,7750000000e+001	-1,31475e+001	 2,63559e-001
384	 4,7875000000e+001	-1,30589e+001	 2,58405e-001
385	 4,8000000000e+001	-1,30439e+001	 2,51949e-001
386	 4,8125000000e+001	-1,29907e+001	 2,43013e-001
387	 4,8250000000e+001	-1,28938e+001	 2,80202e-001
388	 4,8375000000e+001	-1,28574e+001	 2,68874e-001
389	 4,8500000000e+001	-1,28025e+001	 2,41063e-001
390	 4,8625000000e+001	-1,27206e+001	 2,53611e-001
391	 4,8750000000e+001	-1,26823e+001	 2,51686e-001
392	 4,8875000000e+001	-1,26300e+001	 2,53887e-001
393	 4,9000000000e+001	-1,25464e+001	 2,57518e-001
394	 4,9125000000e+001	-1,24803e+001	 2,46926e-001
395	 4,9250000000e+001	-1,24149e+001	 2,22549e-001
396	 4,9375000000e+001	-1,23839e+001	 2,43291e-001
397	 4,9500000000e+001	-1,23053e+001	 2,31395e-001
398	 4,9625000000e+001	-1,22618e+001	 2,21437e-001
399	 4,9750000000e+001	-1,21999e+001	 2,23176e-001
400	 4,9875000000e+001	-1,21084e+001	 1,96171e-001
401	 5,0000000000e+001	-1,20405e+001	 1,77806e-001
402	 5,0125000000e+001	-1,19908e+001	 1,86922e-001
403	 5,0250000000e+001	-1,19190e+001	 1,92874e-001
404	 5,0375000000e+001	-1,18433e+001	 1,74177e-001
405	 5,0500000000e+001	-1,17759e+001	 1,60428e-001
406	 5,0625000000e+001	-1,17254e+001	 1,71848e-001
407	 5,0750000000e+001	-1,16089e+001	 1,49260e-001
408	 5,0875000000e+001	-1,15437e+001	 1,34029e-001
409	 5,1000000000e+001	-1,14731e+001	 1,45690e-001
410	 5,1125000000e+001	-1,14176e+001	 1,11767e-001
411	 5,1250000000e+001	-1,13424e+001	 1,09166e-001
412	 5,1375000000e+001	-1,13065e+001	 1,03758e-001
413	 5,1500000000e+001	-1,12169e+001	 9,29697e-002
414	 5,1625000000e+001	-1,11667e+001	 9,68563e-002
415	 5,1750000000e+001	-1,11144e+001	 9,77896e-002
416	 5,1875000000e+001	-1,10162e+001	 1,05979e-001
417	 5,2000000000e+001	-1,09354e+001	 5,67388e-002
418	 5,2125000000e+001	-1,09026e+001	 6,56332e-002
419	 5,2250000000e+001	-1,08067e+001	 4,81261e-002
420	 5,2375000000e+001	-1,06969e+001	 3,22220e-002
421	 5,2500000000e+001	-1,06253e+001	 3,77540e-002
422	 5,2625000000e+001	-1,05700e+001	 6,02814e-002
423	 5,2750000000e+001	-1,04876e+001	 4,43668e-002
424	 5,2875000000e+001	-1,03994e+001	 4,11463e-002
425	 5,3000000000e+001	-1,02940e+001	 4,15849e-002
426	 5,3125000000e+001	-1,02441e+001	 5,61115e-002
427	 5,3250000000e+001	-1,01224e+001	 4,29032e-002
428	 5,3375000000e+001	-1,00245e+001	 8,02993e-004
429	 5,3500000000e+001	-9,98212e+000	-1,20803e-002
430	 5,3625000000e+001	-9,87161e+000	 2,76696e-002
431	 5,3750000000e+001	-9,85015e+000	 2,57447e-002
432	 5,3875000000e+001	-9,71723e+000	 6,02765e-002
433	 5,4000000000e+001	-9,57719e+000	 2,36510e-002
434	 5,4125000000e+001	-9,49853e+000	-5,68962e-003
435	 5,4250000000e+001	-9,43307e+000	-3,50217e-002
436	 5,4375000000e+001	-9,38715e+000	-2,94633e-002
437	 5,4500000000e+001	-9,15809e+000	-1,62812e-002
438	 5,4625000000e+001	-9,06069e+000	-4,88043e-002
439	 5,4750000000e+001	-9,02633e+000	-4,02520e-002
440	 5,4875000000e+001	-8,93082e+000	-1,87529e-002
441	 5,5000000000e+001	-8,81153e+000	-9,42514e-002
442	 5,5125000000e+001	-8,72665e+000	-9,87145e-002
443	 5,5250000000e+001	-8,58245e+000	-1,06309e-001
444	 5,5375000000e+001	-8,44462e+000	-6,44604e-002
445	 5,5500000000e+001	-8,42947e+000	-5,03641e-002
446	 5,5625000000e+001	-8,25297e+000	-9,25721e-002
447	 5,5750000000e+001	-8,10850e+000	-1,16296e-001
448	 5,5875000000e+001	-7,98441e+000	-7,70465e-002
449	 5,6000000000e+001	-7,87783e+000	-7,19749e-002
450	 5,6125000000e+001	-7,80950e+000	-6,81820e-002
451	 5,6250000000e+001	-7,67150e+000	-6,55858e-002
452	 5,6375000000e+001	-7,52931e+000	-1,15152e-001
453	 5,6500000000e+001	-7,45350e+000	-1,50620e-001
454	 5,6625000000e+001	-7,21266e+000	-1,40701e-001
455	 5,6750000000e+001	-7,07881e+000	-1,58388e-001
456	 5,6875000000e+001	-7,02756e+000	-1,60293e-001
457	 5,7000000000e+001	-6,90087e+000	-1,94295e-001
458	 5,7125000000e+001	-6,75831e+000	-2,05232e-001
459	 5,7250000000e+001	-6,60630e+000	-1,88534e-001
460	 5,7375000000e+001	-6,46190e+000	-2,03991e-001
461	 5,7500000000e+001	-6,30782e+000	-1,83961e-001
462	 5,7625000000e+001	-6,17493e+000	-2,35940e-001
463	 5,7750000000e+001	-5,99403e+000	-2,19710e-001
464	 5,7875000000e+001	-5,83448e+000	-2,57985e-001
465	 5,8000000000e+001	-5,67588e+000	-2,38432e-001
466	 5,8125000000e+001	-5,56157e+000	-2,98416e-001
467	 5,8250000000e+001	-5,37350e+000	-2,75742e-001
468	 5,8375000000e+001	-5,22376e+000	-2,62403e-001
469	 5,8500000000e+001	-5,02439e+000	-3,40928e-001
470	 5,8625000000e+001	-4,88643e+000	-3,49987e-001
471	 5,8750000000e+001	-4,69224e+000	-2,72348e-001
472	 5,8875000000e+001	-4,37708e+000	-3,64339e-001
473	 5,9000000000e+001	-4,33650e+000	-3,53102e-001
474	 5,9125000000e+001	-4,20442e+000	-3,39175e-001
475	 5,9250000000e+001	-3,88695e+000	-3,93788e-001
476	 5,9375000000e+001	-3,76967e+000	-3,99356e-001
477	 5,9500000000e+001	-3,57214e+000	-4,02892e-001
478	 5,9625000000e+001	-3,26597e+000	-4,51927e-001
479	 5,9750000000e+001	-3,15276e+000	-4,53283e-001
480	 5,9875000000e+001	-2,87156e+000	-4,81831e-001
481	 6,0000000000e+001	-2,67203e+000	-4,90422e-001
482	 6,0125000000e+001	-2,47499e+000	-5,13423e-001
483	 6,0250000000e+001	-2,31942e+000	-4,93387e-001
484	 6,0375000000e+001	-1,97076e+000	-5,30173e-001
485	 6,0500000000e+001	-1,90407e+000	-5,74245e-001
486	 6,0625000000e+001	-1,35081e+000	-6,41218e-001
487	 6,0750000000e+001	-1,28708e+000	-6,01249e-001
488	 6,0875000000e+001	-9,09013e-001	-6,31998e-001
489	 6,1000000000e+001	-7,11389e-001	-6,83500e-001
490	 6,1125000000e+001	-5,12668e-001	-6,98903e-001
491	 6,1250000000e+001	-1,37724e-001	-7,77731e-001
492	 6,1375000000e+001	 8,37776e-002	-7,56665e-001
493	 6,1500000000e+001	 4,30839e-001	-7,53970e-001
494	 6,1625000000e+001	 6,48316e-001	-8,18953e-001
495	 6,1750000000e+001	 1,11342e+000	-8,23711e-001
496	 6,1875000000e+001	 1,46740e+000	-9,01228e-001
497	 6,2000000000e+001	 1,64075e+000	-9,55545e-001
498	 6,2125000000e+001	 1,95917e+000	-9,74153e-001
499	 6,2250000000e+001	 2,42070e+000	-1,00247e+000
500	 6,2375000000e+001	 2,68990e+000	-1,00866e+000
501	 6,2500000000e+001	 3,11108e+000	-1,11901e+000
502	 6,2625000000e+001	 3,41097e+000	-1,20979e+000
503	 6,2750000000e+001	 3,83543e+000	-1,21207e+000
504	 6,2875000000e+001	 4,25956e+000	-1,16411e+000
505	 6,3000000000e+001	 4,70677e+000	-1,36039e+000
506	 6,3125000000e+001	 5,03928e+000	-1,33678e+000
507	 6,3250000000e+001	 5,44044e+000	-1,55585e+000
508	 6,3375000000e+001	 5,97461e+000	-1,57107e+000
509	 6,3500000000e+001	 6,56318e+000	-1,67659e+000
510	 6,3625000000e+001	 7,13740e+000	-1,66190e+000
511	 6,3750000000e+001	 7,36042e+000	-1,70671e+000
512	 6,3875000000e+001	 8,01615e+000	-1,80817e+000
513	 6,4000000000e+001	 8,38507e+000	-1,88709e+000
514	 6,4125000000e+001	 9,31708e+000	-2,02710e+000
515	 6,4250000000e+001	 9,58667e+000	-2,11962e+000
516	 6,4375000000e+001	 1,04151e+001	-2,20528e+000
517	 6,4500000000e+001	 1,11179e+001	-2,35073e+000
518	 6,4625000000e+001	 1,14817e+001	-2,35642e+000
519	 6,4750000000e+001	 1,23529e+001	-2,64685e+000
520	 6,4875000000e+001	 1,28544e+001	-2,63240e+000
521	 6,5000000000e+001	 1,38650e+001	-2,89483e+000
522	 6,5125000000e+001	 1,44347e+001	-3,17007e+000
523	 6,5250000000e+001	 1,51291e+001	-3,33870e+000
524	 6,5375000000e+001	 1,58970e+001	-3,74231e+000
525	 6,5500000000e+001	 1,72966e+001	-3,86326e+000
526	 6,5625000000e+001	 1,76122e+001	-3,83999e+000
527	 6,5750000000e+001	 1,85927e+001	-3,97485e+000
528	 6,5875000000e+001	 1,99905e+001	-4,71205e+000
529	 6,6000000000e+001	 2,06003e+001	-4,85866e+000
530	 6,6125000000e+001	 2,16425e+001	-5,08355e+000
531	 6,6250000000e+001	 2,32984e+001	-5,50707e+000
532	 6,6375000000e+001	 2,37349e+001	-5,73943e+000
533	 6,6500000000e+001	 2,61421e+001	-6,52507e+000
534	 6,6625000000e+001	 2,67515e+001	-6,90492e+000
535	 6,6750000000e+001	 2,81882e+001	-7,49804e+000
536	 6,6875000000e+001	 2,93366e+001	-7,46117e+000
537	 6,7000000000e+001	 3,15557e+001	-8,87993e+000
538	 6,7125000000e+001	 3,18599e+001	-8,81416e+000
539	 6,7250000000e+001	 3,33855e+001	-9,63550e+000
540	 6,7375000000e+001	 3,48579e+001	-1,06378e+001
541	 6,7500000000e+001	 3,68951e+001	-1,27829e+001
542	 6,7625000000e+001	 3,73247e+001	-1,24002e+001
543	 6,7750000000e+001	 3,85326e+001	-1,24419e+001
544	 6,7875000000e+001	 4,06295e+001	-1,27008e+001
545	 6,8000000000e+001	 4,31998e+001	-1,30503e+001
546	 6,8125000000e+001	 4,55660e+001	-1,22177e+001
547	 6,8250000000e+001	 4,84847e+001	-1,24572e+001
548	 6,8375000000e+001	 5,46306e+001	-1,40689e+001
549	 6,8500000000e+001	 5,74148e+001	-1,59681e+001
550	 6,8625000000e+001	 6,06659e+001	-1,67113e+001
551	 6,8750000000e+001	 6,71036e+001	-1,97638e+001
552	 6,8875000000e+001	 6,99400e+001	-2,16341e+001
553	 6,9000000000e+001	 7,25765e+001	-2,41560e+001
554	 6,9125000000e+001	 8,29050e+001	-2,96968e+001
555	 6,9250000000e+001	 8,78742e+001	-3,29171e+001
556	 6,9375000000e+001	 9,17802e+001	-3,53135e+001
557	 6,9500000000e+001	 1,04346e+002	-4,80766e+001
558	 6,9625000000e+001	 1,11500e+002	-5,18644e+001
559	 6,9750000000e+001	 1,14463e+002	-5,59734e+001
560	 6,9875000000e+001	 1,33187e+002	-7,29100e+001
561	 7,0000000000e+001	 1,39804e+002	-7,98221e+001
562	 7,0125000000e+001	 1,49471e+002	-9,74787e+001
563	 7,0250000000e+001	 1,67733e+002	-1,29612e+002
564	 7,0375000000e+001	 1,79744e+002	-1,63118e+002
565	 7,0500000000e+001	 1,89491e+002	-1,85821e+002
566	 7,0625000000e+001	 1,74345e+002	-2,65733e+002
567	 7,0750000000e+001	 1,52277e+002	-3,37126e+002
568	 7,0875000000e+001	 9,62747e+001	-3,63209e+002
569	 7,1000000000e+001	 2,67304e+001	-3,92136e+002
570	 7,1125000000e+001	-6,25517e+001	-3,74452e+002
571	 7,1250000000e+001	-1,46992e+002	-3,30040e+002
572	 7,1375000000e+001	-2,26496e+002	-2,64576e+002
573	 7,1500000000e+001	-2,35752e+002	-2,02711e+002
574	 7,1625000000e+001	-2,20254e+002	-1,70315e+002
575	 7,1750000000e+001	-2,39994e+002	-1,35720e+002
576	 7,1875000000e+001	-2,07749e+002	-1,04645e+002
577	 7,2000000000e+001	-1,97153e+002	-8,53030e+001
578	 7,2125000000e+001	-1,84251e+002	-6,18474e+001
579	 7,2250000000e+001	-1,71991e+002	-5,02562e+001
580	 7,2375000000e+001	-1,60153e+002	-4,38198e+001
581	 7,2500000000e+001	-1,53288e+002	-3,92748e+001
582	 7,2625000000e+001	-1,42277e+002	-3,41924e+001
583	 7,2750000000e+001	-1,36326e+002	-3,36462e+001
584	 7,2875000000e+001	-1,27482e+002	-2,71168e+001
585	 7,3000000000e+001	-1,21648e+002	-2,38515e+001
586	 7,3125000000e+001	-1,18404e+002	-2,05269e+001
587	 7,3250000000e+001	-1,11994e+002	-1,49589e+001
588	 7,3375000000e+001	-1,07895e+002	-1,34987e+001
589	 7,3500000000e+001	-1,01853e+002	-1,25661e+001
590	 7,3625000000e+001	-9,87838e+001	-1,24411e+001
591	 7,3750000000e+001	-9,76634e+001	-1,11657e+001
592	 7,3875000000e+001	-9,33586e+001	-9,49667e+000
593	 7,4000000000e+001	-9,12732e+001	-8,88945e+000
594	 7,4125000000e+001	-8,84327e+001	-7,97621e+000
595	 7,4250000000e+001	-8,52617e+001	-6,23043e+000
596	 7,4375000000e+001	-8,24184e+001	-6,95153e+000
597	 7,4500000000e+001	-8,00564e+001	-6,59756e+000
598	 7,4625000000e+001	-7,97206e+001	-6,05800e+000
599	 7,4750000000e+001	-7,78494e+001	-5,28429e+000
600	 7,4875000000e+001	-7,49969e+001	-4,96877e+000
601	 7,5000000000e+001	-7,40005e+001	-4,90536e+000
602	 7,5125000000e+001	-7,23854e+001	-4,63061e+000
603	 7,5250000000e+001	-7,11379e+001	-4,28057e+000
604	 7,5375000000e+001	-6,87440e+001	-3,99464e+000
605	 7,5500000000e+001	-6,80533e+001	-3,50012e+000
606	 7,5625000000e+001	-6,68897e+001	-2,81675e+000
607	 7,5750000000e+001	-6,49798e+001	-2,77184e+000
608	 7,5875000000e+001	-6,45534e+001	-2,58905e+000
609	 7,6000000000e+001	-6,27445e+001	-2,93165e+000
610	 7,6125000000e+001	-6,21560e+001	-2,68846e+000
611	 7,6250000000e+001	-6,12351e+001	-2,17325e+000
612	 7,6375000000e+001	-6,08591e+001	-2,18781e+000
613	 7,6500000000e+001	-5,89964e+001	-1,74780e+000
614	 7,6625000000e+001	-5,86741e+001	-1,89141e+000
615	 7,6750000000e+001	-5,76630e+001	-1,83211e+000
616	 7,6875000000e+001	-5,69080e+001	-1,82558e+000
617	 7,7000000000e+001	-5,60093e+001	-1,58156e+000
618	 7,7125000000e+001	-5,53455e+001	-1,29569e+000
619	 7,7250000000e+001	-5,51944e+001	-1,03962e+000
620	 7,7375000000e+001	-5,42814e+001	-1,14414e+000
621	 7,7500000000e+001	-5,37595e+001	-1,14675e+000
622	 7,7625000000e+001	-5,33489e+001	-1,06956e+000
623	 7,7750000000e+001	-5,27656e+001	-1,19632e+000
624	 7,7875000000e+001	-5,17264e+001	-1,07248e+000
625	 7,8000000000e+001	-5,10887e+001	-8,96805e-001
626	 7,8125000000e+001	-5,08470e+001	-9,50927e-001
627	 7,8250000000e+001	-5,04465e+001	-9,12064e-001
628	 7,8375000000e+001	-4,99789e+001	-6,73569e-001
629	 7,8500000000e+001	-4,93009e+001	-8,85127e-001
630	 7,8625000000e+001	-4,87009e+001	-7,79548e-001
631	 7,8750000000e+001	-4,82878e+001	-6,86044e-001
632	 7,8875000000e+001	-4,79480e+001	-6,26137e-001
633	 7,9000000000e+001	-4,74844e+001	-6,25907e-001
634	 7,9125000000e+001	-4,72790e+001	-4,84265e-001
635	 7,9250000000e+001	-4,67494e+001	-3,59718e-001
636	 7,9375000000e+001	-4,65586e+001	-4,44885e-001
637	 7,9500000000e+001	-4,60458e+001	-4,52517e-001
638	 7,9625000000e+001	-4,56108e+001	-3,40414e-001
639	 7,9750000000e+001	-4,50740e+001	-4,00824e-001
640	 7,9875000000e+001	-4,49362e+001	-3,10926e-001
641	 8,0000000000e+001	-4,46352e+001	-2,90100e-001
642	 8,0125000000e+001	-4,42645e+001	-2,42822e-001
643	 8,0250000000e+001	-4,38333e+001	-3,37341e-001
644	 8,0375000000e+001	-4,36086e+001	-2,50069e-001
645	 8,0500000000e+001	-4,34373e+001	-2,01117e-001
646	 8,0625000000e+001	-4,30774e+001	-1,60245e-001
647	 8,0750000000e+001	-4,29166e+001	-1,14668e-001
648	 8,0875000000e+001	-4,26288e+001	 4,38682e-002
649	 8,1000000000e+001	-4,23334e+001	 2,17790e-002
650	 8,1125000000e+001	-4,19655e+001	-5,51148e-002
651	 8,1250000000e+001	-4,16202e+001	-6,02448e-002
652	 8,1375000000e+001	-4,15071e+001	-5,90082e-002
653	 8,1500000000e+001	-4,11990e+001	-6,10172e-002
654	 8,1625000000e+001	-4,09441e+001	 1,57046e-002
655	 8,1750000000e+001	-4,08793e+001	 1,28587e-002
656	 8,1875000000e+001	-4,05020e+001	 1,68652e-002
657	 8,2000000000e+001	-4,02059e+001	-3,40408e-002
658	 8,2125000000e+001	-4,00502e+001	-2,05430e-002
659	 8,2250000000e+001	-3,99700e+001	-1,52540e-002
660	 8,2375000000e+001	-3,97116e+001	 4,00886e-002
661	 8,2500000000e+001	-3,94247e+001	-4,21733e-002
662	 8,2625000000e+001	-3,92402e+001	 6,05263e-003
663	 8,2750000000e+001	-3,90015e+001	 1,47406e-001
664	 8,2875000000e+001	-3,88734e+001	 8,84152e-002
665	 8,3000000000e+001	-3,87258e+001	 5,03386e-002
666	 8,3125000000e+001	-3,84940e+001	 9,03222e-002
667	 8,3250000000e+001	-3,82239e+001	 5,98138e-002
668	 8,3375000000e+001	-3,80917e+001	 1,15454e-001
669	 8,3500000000e+001	-3,78975e+001	 1,27327e-001
670	 8,3625000000e+001	-3,77646e+001	 1,22280e-001
671	 8,3750000000e+001	-3,76646e+001	 1,26089e-001
672	 8,3875000000e+001	-3,74861e+001	 1,26062e-001
673	 8,4000000000e+001	-3,73156e+001	 1,36707e-001
674	 8,4125000000e+001	-3,71189e+001	 1,62352e-001
675	 8,4250000000e+001	-3,69707e+001	 1,69297e-001
676	 8,4375000000e+001	-3,68368e+001	 1,43943e-001
677	 8,4500000000e+001	-3,67225e+001	 1,95149e-001
678	 8,4625000000e+001	-3,65881e+001	 2,14030e-001
679	 8,4750000000e+001	-3,63706e+001	 1,82477e-001
680	 8,4875000000e+001	-3,62988e+001	 1,91758e-001
681	 8,5000000000e+001	-3,61163e+001	 1,80068e-001
682	 8,5125000000e+001	-3,58865e+001	 1,79267e-001
683	 8,5250000000e+001	-3,58385e+001	 2,20162e-001
684	 8,5375000000e+001	-3,57783e+001	 2,22021e-001
685	 8,5500000000e+001	-3,56388e+001	 2,10964e-001
686	 8,5625000000e+001	-3,53946e+001	 2,93635e-001
687	 8,5750000000e+001	-3,53136e+001	 2,09909e-001
688	 8,5875000000e+001	-3,52279e+001	 2,52548e-001
689	 8,6000000000e+001	-3,50836e+001	 2,96400e-001
690	 8,6125000000e+001	-3,48994e+001	 2,67223e-001
691	 8,6250000000e+001	-3,48585e+001	 2,81749e-001
692	 8,6375000000e+001	-3,46896e+001	 2,19598e-001
693	 8,6500000000e+001	-3,46786e+001	 2,12426e-001
694	 8,6625000000e+001	-3,45957e+001	 2,28176e-001
695	 8,6750000000e+001	-3,44028e+001	 2,55519e-001
696	 8,6875000000e+001	-3,41866e+001	 2,68918e-001
697	 8,7000000000e+001	-3,41579e+001	 2,58432e-001
698	 8,7125000000e+001	-3,41063e+001	 2,98549e-001
699	 8,7250000000e+001	-3,39631e+001	 2,48446e-001
700	 8,7375000000e+001	-3,38042e+001	 2,64055e-001
701	 8,7500000000e+001	-3,37509e+001	 2,67384e-001
702	 8,7625000000e+001	-3,37144e+001	 2,70598e-001
703	 8,7750000000e+001	-3,36442e+001	 2,67588e-001
704	 8,7875000000e+001	-3,34309e+001	 2,79201e-001
705	 8,8000000000e+001	-3,33580e+001	 2,52657e-001
706	 8,8125000000e+001	-3,32727e+001	 2,70148e-001
707	 8,8250000000e+001	-3,31982e+001	 2,95833e-001
708	 8,8375000000e+001	-3,31071e+001	 2,95525e-001
709	 8,8500000000e+001	-3,30205e+001	 2,70000e-001
710	 8,8625000000e+001	-3,29023e+001	 2,75837e-001
711	 8,8750000000e+001	-3,28147e+001	 2,92543e-001
712	 8,8875000000e+001	-3,27129e+001	 2,90075e-001
713	 8,9000000000e+001	-3,26741e+001	 3,12543e-001
714	 8,9125000000e+001	-3,26196e+001	 2,95477e-001
715	 8,9250000000e+001	-3,25278e+001	 3,06302e-001
716	 8,9375000000e+001	-3,24089e+001	 3,15600e-001
717	 8,9500000000e+001	-3,23437e+001	 3,06170e-001
718	 8,9625000000e+001	-3,22781e+001	 2,88365e-001
719	 8,9750000000e+001	-3,21846e+001	 3,03230e-001
720	 8,9875000000e+001	-3,21178e+001	 2,89500e-001
721	 9,0000000000e+001	-3,20481e+001	 2,89690e-001
722	 9,0125000000e+001	-3,19753e+001	 3,18092e-001
723	 9,0250000000e+001	-3,18366e+001	 3,38158e-001
724	 9,0375000000e+001	-3,18053e+001	 2,87890e-001
725	 9,0500000000e+001	-3,17474e+001	 3,07379e-001
726	 9,0625000000e+001	-3,16744e+001	 3,15779e-001
727	 9,0750000000e+001	-3,15745e+001	 2,98354e-001
728	 9,0875000000e+001	-3,15199e+001	 3,25377e-001
729	 9,1000000000e+001	-3,14680e+001	 3,10766e-001
730	 9,1125000000e+001	-3,14002e+001	 3,03831e-001
731	 9,1250000000e+001	-3,13465e+001	 3,00997e-001
732	 9,1375000000e+001	-3,12187e+001	 3,03171e-001
733	 9,1500000000e+001	-3,11740e+001	 2,97183e-001
734	 9,1625000000e+001	-3,11264e+001	 2,97915e-001
735	 9,1750000000e+001	-3,10603e+001	 3,03035e-001
736	 9,1875000000e+001	-3,10232e+001	 3,01837e-001
737	 9,2000000000e+001	-3,09384e+001	 3,18779e-001
738	 9,2125000000e+001	-3,08591e+001	 3,56877e-001
739	 9,2250000000e+001	-3,08103e+001	 3,25032e-001
740	 9,2375000000e+001	-3,07284e+001	 3,11623e-001
741	 9,2500000000e+001	-3,07009e+001	 3,09152e-001
742	 9,2625000000e+001	-3,06582e+001	 3,11594e-001
743	 9,2750000000e+001	-3,05626e+001	 3,22083e-001
744	 9,2875000000e+001	-3,05205e+001	 3,31277e-001
745	 9,3000000000e+001	-3,04870e+001	 3,21948e-001
746	 9,3125000000e+001	-3,04088e+001	 3,12790e-001
747	 9,3250000000e+001	-3,03518e+001	 3,10597e-001
748	 9,3375000000e+001	-3,03079e+001	 3,31093e-001
749	 9,3500000000e+001	-3,02151e+001	 3,53258e-001
750	 9,3625000000e+001	-3,01857e+001	 3,48578e-001
751	 9,3750000000e+001	-3,01581e+001	 3,58040e-001
752	 9,3875000000e+001	-3,01052e+001	 3,99763e-001
753	 9,4000000000e+001	-3,00069e+001	 3,57203e-001
754	 9,4125000000e+001	-2,99710e+001	 3,54275e-001
755	 9,4250000000e+001	-2,99227e+001	 3,49488e-001
756	 9,4375000000e+001	-2,98705e+001	 3,71352e-001
757	 9,4500000000e+001	-2,98315e+001	 3,74425e-001
758	 9,4625000000e+001	-2,97567e+001	 3,74504e-001
759	 9,4750000000e+001	-2,97188e+001	 3,73060e-001
760	 9,4875000000e+001	-2,96847e+001	 3,66924e-001
761	 9,5000000000e+001	-2,96288e+001	 3,50541e-001
762	 9,5125000000e+001	-2,95745e+001	 3,57010e-001
763	 9,5250000000e+001	-2,94998e+001	 3,40989e-001
764	 9,5375000000e+001	-2,94851e+001	 3,68118e-001
765	 9,5500000000e+001	-2,94291e+001	 3,70562e-001
766	 9,5625000000e+001	-2,93594e+001	 3,80458e-001
767	 9,5750000000e+001	-2,93312e+001	 4,08560e-001
768	 9,5875000000e+001	-2,92512e+001	 3,97307e-001
769	 9,6000000000e+001	-2,92020e+001	 3,99868e-001
770	 9,6125000000e+001	-2,91493e+001	 4,24626e-001
771	 9,6250000000e+001	-2,91222e+001	 4,11632e-001
772	 9,6375000000e+001	-2,90736e+001	 3,89849e-001
773	 9,6500000000e+001	-2,90359e+001	 4,13442e-001
774	 9,6625000000e+001	-2,90067e+001	 4,22806e-001
775	 9,6750000000e+001	-2,89250e+001	 4,32329e-001
776	 9,6875000000e+001	-2,89105e+001	 4,16552e-001
777	 9,7000000000e+001	-2,88657e+001	 4,08056e-001
778	 9,7125000000e+001	-2,88039e+001	 4,17874e-001
779	 9,7250000000e+001	-2,87625e+001	 4,17662e-001
780	 9,7375000000e+001	-2,87433e+001	 4,13576e-001
781	 9,7500000000e+001	-2,86645e+001	 4,74564e-001
782	 9,7625000000e+001	-2,86120e+001	 4,69573e-001
783	 9,7750000000e+001	-2,85815e+001	 4,60979e-001
784	 9,7875000000e+001	-2,85207e+001	 4,56361e-001
785	 9,8000000000e+001	-2,84417e+001	 4,74149e-001
786	 9,8125000000e+001	-2,84118e+001	 4,56225e-001
787	 9,8250000000e+001	-2,83890e+001	 4,54212e-001
788	 9,8375000000e+001	-2,83619e+001	 4,57552e-001
789	 9,8500000000e+001	-2,83233e+001	 4,66304e-001
790	 9,8625000000e+001	-2,82761e+001	 4,51664e-001
791	 9,8750000000e+001	-2,82397e+001	 4,32564e-001
792	 9,8875000000e+001	-2,81606e+001	 4,55712e-001
793	 9,9000000000e+001	-2,81117e+001	 4,66774e-001
794	 9,9125000000e+001	-2,80768e+001	 4,60539e-001
795	 9,9250000000e+001	-2,80535e+001	 4,83950e-001
796	 9,9375000000e+001	-2,79908e+001	 4,79941e-001
797	 9,9500000000e+001	-2,79529e+001	 4,59930e-001
798	 9,9625000000e+001	-2,78776e+001	 4,47618e-001
799	 9,9750000000e+001	-2,78155e+001	 4,83590e-001
800	 9,9875000000e+001	-2,77765e+001	 5,01275e-001
801	 1,0000000000e+002	-2,77234e+001	 5,12575e-001
TagsBegin:	 	 	 
OverLoad:	 	False	 
AverageNumber: []	 	 5,00000e+000	 
OverLoadRatio: []	 	 1,19209e-007	 
TagsEnd:	 	 	 
TagScalesBegin:	 	 	 
TagScalesEnd:	 	 	 
