Header Size:	 79	 	 
Pulse Version:	 80	 	 
Running Pulse Version:	PULSE LabShop  Version 18.1.0.28 - 2013-11-23	 	 
Decimal Symbol:	,	 	 
Date Format:	dd.MM.yyyy	 	 
Time Format:	HH:mm:ss:mmm	 	 
Data Type:	Complex	 	 
Slice:	False	 	 
Z-Axis type:	Linear	 	 
Z-Axis size:	1	 	 
Z-Axis unit:	 	 	 
Z-Axis first value:	 0,0000000000e+000	 	 
Z-Axis delta:	 1,0000000000e+000	 	 
X-Axis type:	Linear	 	 
X-Axis size:	801	 	 
X-Axis unit:	Hz	 	 
X-Axis first value:	 0,0000000000e+000	 	 
X-Axis delta:	 1,2500000000e-001	 	 
	 	 	 
AmplitudeUnit:	(m/s²)/N	 	 
Analyzer:	FFT_Spectrum_Averaging	 	 
AnalyzerName:	STS FFT Analyzer	 	 
	 	 	 
	 	 	 
Bipolar:	True	 	 
CenterFrequency:	 5,0000000000e+001	 	 
	 	 	 
	 	 	 
	 	 	 
	 	 	 
	 	 	 
	 	 	 
	 	 	 
	 	 	 
Domain:	1	 	 
Function:	Frequency Response	 	 
	 	 	 
	 	 	 
	 	 	 
	 	 	 
MultiBufferName:	Input	 	 
NBW:	 1,5000000000e+000	 	 
	 	 	 
OverlapFailed:	False	 	 
Overrun:	False	 	 
Power:	False	 	 
	 	 	 
Ratio:	True	 	 
RecordLength:	 8,0000000000e+000	 	 
ReducedSize:	True	 	 
Ref_Signal:	ForceTransducer Ref.	 	 
	 	 	 
	 	 	 
RefSignalUnit:	N	 	 
	 	 	 
	 	 	 
Signal:	4507 B 1-x	 	 
	 	 	 
SignalUnit:	m/s²	 	 
	 	 	 
	 	 	 
	 	 	 
Title:	Frequency Response H1(4507 B 1-x,ForceTransducer Ref.) - STS Measurement 1	 	 
Title1:	STS : STS Measurement 1 : Input : STS FFT Analyzer	 	 
	 	 	 
	 	 	 
	 	 	 
ZoomOn:	False	 	 
	 	 	 
TemplateName:	STS	 	 
MeasurementName:	STS Measurement 1	 	 
MeasurementSlice:	False	 	 
	 	 	 
	 	 	 
	 	 	 
EnvelopeOn:	False	 	 
	 	 	 
	 	 	 
	 	 	 
Z-index:	 	1	 
Date:	 	02.03.2016	 
Time:	 	11:43:21:833	 
Relative time:	 	 0,00000e+000	 
Z-axis:	 	 0,0000000000e+000	 
1	 0,0000000000e+000	-4,99107e+001	-0,00000e+000
2	 1,2500000000e-001	-5,15085e+001	 3,97087e+001
3	 2,5000000000e-001	 1,03735e+001	-2,17809e+001
4	 3,7500000000e-001	 6,99183e+000	 2,93624e+000
5	 5,0000000000e-001	 1,19790e+000	 1,09607e+000
6	 6,2500000000e-001	-2,40815e+000	 1,22286e+000
7	 7,5000000000e-001	-1,32862e+000	 5,78219e-001
8	 8,7500000000e-001	-4,40043e-001	 6,88077e-001
9	 1,0000000000e+000	-3,18476e-001	-3,86707e-002
10	 1,1250000000e+000	 4,65829e-001	-3,93045e-001
11	 1,2500000000e+000	 7,76035e-001	-2,55291e-001
12	 1,3750000000e+000	 3,45268e-001	-2,65887e-001
13	 1,5000000000e+000	 2,59064e-001	-1,91379e-001
14	 1,6250000000e+000	 5,17863e-001	-5,23694e-001
15	 1,7500000000e+000	 6,90441e-001	-5,75876e-001
16	 1,8750000000e+000	 5,02893e-001	-4,47356e-001
17	 2,0000000000e+000	 4,17383e-001	-3,80557e-001
18	 2,1250000000e+000	 6,23407e-001	-4,52002e-001
19	 2,2500000000e+000	 8,79943e-001	-5,84800e-001
20	 2,3750000000e+000	 1,09113e+000	-3,43807e-001
21	 2,5000000000e+000	 1,03960e+000	-4,36108e-001
22	 2,6250000000e+000	 1,20452e+000	-3,96509e-001
23	 2,7500000000e+000	 1,40921e+000	-3,74050e-001
24	 2,8750000000e+000	 1,72272e+000	-3,09361e-001
25	 3,0000000000e+000	 2,00771e+000	-3,44154e-001
26	 3,1250000000e+000	 2,09542e+000	-3,66964e-001
27	 3,2500000000e+000	 2,03014e+000	-4,80952e-001
28	 3,3750000000e+000	 2,51998e+000	-5,29991e-001
29	 3,5000000000e+000	 2,71752e+000	-6,15988e-001
30	 3,6250000000e+000	 2,90010e+000	-6,01659e-001
31	 3,7500000000e+000	 3,17612e+000	-5,96484e-001
32	 3,8750000000e+000	 3,44591e+000	-5,47608e-001
33	 4,0000000000e+000	 3,44341e+000	-5,28280e-001
34	 4,1250000000e+000	 3,82417e+000	-7,43625e-001
35	 4,2500000000e+000	 4,14618e+000	-7,04508e-001
36	 4,3750000000e+000	 4,31177e+000	-6,43020e-001
37	 4,5000000000e+000	 4,39346e+000	-6,23816e-001
38	 4,6250000000e+000	 4,77697e+000	-6,97289e-001
39	 4,7500000000e+000	 5,35479e+000	-9,40022e-001
40	 4,8750000000e+000	 5,61915e+000	-8,54549e-001
41	 5,0000000000e+000	 5,97015e+000	-7,37663e-001
42	 5,1250000000e+000	 6,48129e+000	-1,09229e+000
43	 5,2500000000e+000	 6,77746e+000	-1,13801e+000
44	 5,3750000000e+000	 7,02659e+000	-1,02503e+000
45	 5,5000000000e+000	 7,77618e+000	-5,63515e-001
46	 5,6250000000e+000	 8,34943e+000	-6,83473e-001
47	 5,7500000000e+000	 9,04662e+000	-9,72551e-001
48	 5,8750000000e+000	 9,91314e+000	-8,97981e-001
49	 6,0000000000e+000	 1,08339e+001	-9,77371e-001
50	 6,1250000000e+000	 1,11391e+001	-8,87372e-001
51	 6,2500000000e+000	 1,14132e+001	-7,86853e-001
52	 6,3750000000e+000	 1,24341e+001	-1,15433e+000
53	 6,5000000000e+000	 1,34153e+001	-9,98285e-001
54	 6,6250000000e+000	 1,39910e+001	-1,35748e+000
55	 6,7500000000e+000	 1,54309e+001	-1,73791e+000
56	 6,8750000000e+000	 1,64144e+001	-1,49330e+000
57	 7,0000000000e+000	 1,75377e+001	-1,36940e+000
58	 7,1250000000e+000	 1,85117e+001	-1,34456e+000
59	 7,2500000000e+000	 1,97003e+001	-1,50426e+000
60	 7,3750000000e+000	 2,09051e+001	-1,63653e+000
61	 7,5000000000e+000	 2,29480e+001	-2,66883e+000
62	 7,6250000000e+000	 2,39054e+001	-1,07845e+000
63	 7,7500000000e+000	 2,70715e+001	-5,82093e-001
64	 7,8750000000e+000	 2,86409e+001	-4,30570e-001
65	 8,0000000000e+000	 3,18787e+001	 8,75820e-001
66	 8,1250000000e+000	 3,50267e+001	 8,93210e-001
67	 8,2500000000e+000	 3,79031e+001	 1,35957e+000
68	 8,3750000000e+000	 3,94183e+001	 1,81845e+000
69	 8,5000000000e+000	 4,53827e+001	 3,26774e+000
70	 8,6250000000e+000	 5,01709e+001	 4,88137e+000
71	 8,7500000000e+000	 5,83622e+001	 1,14228e+001
72	 8,8750000000e+000	 6,66207e+001	 1,07919e+001
73	 9,0000000000e+000	 7,19610e+001	 2,12672e+001
74	 9,1250000000e+000	 7,59063e+001	 2,88032e+001
75	 9,2500000000e+000	 8,39063e+001	 4,57082e+001
76	 9,3750000000e+000	 8,16886e+001	 6,69678e+001
77	 9,5000000000e+000	 9,03419e+001	 8,82080e+001
78	 9,6250000000e+000	 8,12422e+001	 9,54952e+001
79	 9,7500000000e+000	 2,34673e+001	 1,09041e+002
80	 9,8750000000e+000	 8,81975e+000	 1,12748e+002
81	 1,0000000000e+001	-8,57688e+000	 1,07912e+002
82	 1,0125000000e+001	-2,18618e+001	 9,19404e+001
83	 1,0250000000e+001	-2,91460e+001	 8,04268e+001
84	 1,0375000000e+001	-3,64947e+001	 5,96365e+001
85	 1,0500000000e+001	-3,78797e+001	 4,99909e+001
86	 1,0625000000e+001	-3,45716e+001	 3,94524e+001
87	 1,0750000000e+001	-3,00935e+001	 2,81246e+001
88	 1,0875000000e+001	-2,75070e+001	 1,92476e+001
89	 1,1000000000e+001	-2,68483e+001	 1,15323e+001
90	 1,1125000000e+001	-2,70202e+001	 5,47207e+000
91	 1,1250000000e+001	-2,78251e+001	-3,86642e-001
92	 1,1375000000e+001	-2,97403e+001	-3,61536e+000
93	 1,1500000000e+001	-3,04736e+001	-6,73481e+000
94	 1,1625000000e+001	-3,31607e+001	-7,33563e+000
95	 1,1750000000e+001	-3,59371e+001	-8,97472e+000
96	 1,1875000000e+001	-3,88322e+001	-1,17169e+001
97	 1,2000000000e+001	-3,92878e+001	-1,08599e+001
98	 1,2125000000e+001	-3,94611e+001	-8,75842e+000
99	 1,2250000000e+001	-4,06983e+001	-7,93825e+000
100	 1,2375000000e+001	-3,98077e+001	-5,12638e+000
101	 1,2500000000e+001	-3,87887e+001	-5,82614e+000
102	 1,2625000000e+001	-3,84538e+001	-4,38800e+000
103	 1,2750000000e+001	-3,82454e+001	-3,42695e+000
104	 1,2875000000e+001	-3,79173e+001	-3,47604e+000
105	 1,3000000000e+001	-3,71563e+001	-2,85154e+000
106	 1,3125000000e+001	-3,70188e+001	-2,24507e+000
107	 1,3250000000e+001	-3,65314e+001	-1,85586e+000
108	 1,3375000000e+001	-3,55382e+001	-1,25217e+000
109	 1,3500000000e+001	-3,45432e+001	-1,07671e+000
110	 1,3625000000e+001	-3,36045e+001	-1,21408e+000
111	 1,3750000000e+001	-3,34105e+001	-7,31081e-001
112	 1,3875000000e+001	-3,33992e+001	-7,29947e-001
113	 1,4000000000e+001	-3,26692e+001	-8,22717e-001
114	 1,4125000000e+001	-3,23137e+001	-6,47021e-001
115	 1,4250000000e+001	-3,20970e+001	-2,86293e-001
116	 1,4375000000e+001	-3,15901e+001	-3,92704e-001
117	 1,4500000000e+001	-3,05564e+001	-7,10026e-001
118	 1,4625000000e+001	-3,01578e+001	-7,98157e-001
119	 1,4750000000e+001	-3,00035e+001	-7,00328e-001
120	 1,4875000000e+001	-2,95137e+001	-5,98901e-001
121	 1,5000000000e+001	-2,91165e+001	-5,23737e-001
122	 1,5125000000e+001	-2,88612e+001	-4,39737e-001
123	 1,5250000000e+001	-2,85649e+001	-4,64076e-001
124	 1,5375000000e+001	-2,82602e+001	-3,92607e-001
125	 1,5500000000e+001	-2,80498e+001	-4,84487e-001
126	 1,5625000000e+001	-2,77479e+001	-6,48077e-001
127	 1,5750000000e+001	-2,75579e+001	-4,53573e-001
128	 1,5875000000e+001	-2,74421e+001	-3,32711e-001
129	 1,6000000000e+001	-2,73121e+001	-2,72487e-001
130	 1,6125000000e+001	-2,72251e+001	-2,80169e-001
131	 1,6250000000e+001	-2,71610e+001	-1,67422e-001
132	 1,6375000000e+001	-2,68376e+001	-2,00476e-001
133	 1,6500000000e+001	-2,67242e+001	-6,76449e-002
134	 1,6625000000e+001	-2,63268e+001	-2,89328e-002
135	 1,6750000000e+001	-2,62375e+001	 6,61597e-002
136	 1,6875000000e+001	-2,61673e+001	 9,36630e-002
137	 1,7000000000e+001	-2,59786e+001	 1,22160e-001
138	 1,7125000000e+001	-2,56028e+001	 2,84151e-001
139	 1,7250000000e+001	-2,54593e+001	 2,97313e-001
140	 1,7375000000e+001	-2,53460e+001	 3,04457e-001
141	 1,7500000000e+001	-2,51868e+001	 2,82245e-001
142	 1,7625000000e+001	-2,48793e+001	 2,86179e-001
143	 1,7750000000e+001	-2,48288e+001	 3,64329e-001
144	 1,7875000000e+001	-2,46082e+001	 3,88757e-001
145	 1,8000000000e+001	-2,45139e+001	 4,95282e-001
146	 1,8125000000e+001	-2,41999e+001	 4,39397e-001
147	 1,8250000000e+001	-2,42593e+001	 5,29169e-001
148	 1,8375000000e+001	-2,42390e+001	 7,54209e-001
149	 1,8500000000e+001	-2,40751e+001	 8,97339e-001
150	 1,8625000000e+001	-2,38147e+001	 1,22132e+000
151	 1,8750000000e+001	-2,32150e+001	 1,06612e+000
152	 1,8875000000e+001	-2,30222e+001	 8,11625e-001
153	 1,9000000000e+001	-2,30135e+001	 7,94807e-001
154	 1,9125000000e+001	-2,29007e+001	 6,30458e-001
155	 1,9250000000e+001	-2,28980e+001	 6,29209e-001
156	 1,9375000000e+001	-2,27429e+001	 6,15964e-001
157	 1,9500000000e+001	-2,26846e+001	 6,32601e-001
158	 1,9625000000e+001	-2,25634e+001	 8,05393e-001
159	 1,9750000000e+001	-2,24524e+001	 8,08733e-001
160	 1,9875000000e+001	-2,23107e+001	 7,15066e-001
161	 2,0000000000e+001	-2,22460e+001	 6,23627e-001
162	 2,0125000000e+001	-2,21379e+001	 6,46729e-001
163	 2,0250000000e+001	-2,20803e+001	 6,81990e-001
164	 2,0375000000e+001	-2,19090e+001	 6,69587e-001
165	 2,0500000000e+001	-2,18104e+001	 6,46002e-001
166	 2,0625000000e+001	-2,17298e+001	 6,93716e-001
167	 2,0750000000e+001	-2,16740e+001	 6,67829e-001
168	 2,0875000000e+001	-2,16142e+001	 7,59091e-001
169	 2,1000000000e+001	-2,13418e+001	 5,65175e-001
170	 2,1125000000e+001	-2,13182e+001	 6,17986e-001
171	 2,1250000000e+001	-2,13555e+001	 6,30731e-001
172	 2,1375000000e+001	-2,13452e+001	 6,47761e-001
173	 2,1500000000e+001	-2,11055e+001	 5,71398e-001
174	 2,1625000000e+001	-2,10760e+001	 5,96218e-001
175	 2,1750000000e+001	-2,10198e+001	 6,08514e-001
176	 2,1875000000e+001	-2,09693e+001	 6,08395e-001
177	 2,2000000000e+001	-2,08974e+001	 6,18103e-001
178	 2,2125000000e+001	-2,08198e+001	 6,61725e-001
179	 2,2250000000e+001	-2,06766e+001	 5,85391e-001
180	 2,2375000000e+001	-2,06473e+001	 5,95096e-001
181	 2,2500000000e+001	-2,05990e+001	 6,10999e-001
182	 2,2625000000e+001	-2,05049e+001	 6,05053e-001
183	 2,2750000000e+001	-2,04545e+001	 6,10601e-001
184	 2,2875000000e+001	-2,04735e+001	 6,55477e-001
185	 2,3000000000e+001	-2,03430e+001	 6,01372e-001
186	 2,3125000000e+001	-2,02773e+001	 6,18026e-001
187	 2,3250000000e+001	-2,02015e+001	 5,93329e-001
188	 2,3375000000e+001	-2,01669e+001	 6,02949e-001
189	 2,3500000000e+001	-2,00303e+001	 6,51704e-001
190	 2,3625000000e+001	-2,00192e+001	 5,80998e-001
191	 2,3750000000e+001	-2,00055e+001	 5,45768e-001
192	 2,3875000000e+001	-1,99862e+001	 5,73099e-001
193	 2,4000000000e+001	-1,98928e+001	 6,19089e-001
194	 2,4125000000e+001	-1,98559e+001	 5,65254e-001
195	 2,4250000000e+001	-1,98418e+001	 6,10454e-001
196	 2,4375000000e+001	-1,97582e+001	 5,59333e-001
197	 2,4500000000e+001	-1,96906e+001	 6,09945e-001
198	 2,4625000000e+001	-1,96563e+001	 6,20980e-001
199	 2,4750000000e+001	-1,95876e+001	 6,06482e-001
200	 2,4875000000e+001	-1,95307e+001	 6,05615e-001
201	 2,5000000000e+001	-1,94450e+001	 5,57739e-001
202	 2,5125000000e+001	-1,94133e+001	 5,82895e-001
203	 2,5250000000e+001	-1,93806e+001	 5,76960e-001
204	 2,5375000000e+001	-1,93557e+001	 4,74656e-001
205	 2,5500000000e+001	-1,92404e+001	 5,44078e-001
206	 2,5625000000e+001	-1,91973e+001	 5,65229e-001
207	 2,5750000000e+001	-1,91747e+001	 5,28048e-001
208	 2,5875000000e+001	-1,91162e+001	 5,35477e-001
209	 2,6000000000e+001	-1,90750e+001	 5,30046e-001
210	 2,6125000000e+001	-1,90513e+001	 5,22440e-001
211	 2,6250000000e+001	-1,90118e+001	 5,24203e-001
212	 2,6375000000e+001	-1,89823e+001	 5,20934e-001
213	 2,6500000000e+001	-1,89695e+001	 5,23499e-001
214	 2,6625000000e+001	-1,89652e+001	 5,26077e-001
215	 2,6750000000e+001	-1,89085e+001	 5,32143e-001
216	 2,6875000000e+001	-1,88116e+001	 5,27251e-001
217	 2,7000000000e+001	-1,87706e+001	 5,14880e-001
218	 2,7125000000e+001	-1,87551e+001	 5,17190e-001
219	 2,7250000000e+001	-1,86788e+001	 5,06030e-001
220	 2,7375000000e+001	-1,86196e+001	 5,33506e-001
221	 2,7500000000e+001	-1,85872e+001	 5,44588e-001
222	 2,7625000000e+001	-1,85570e+001	 5,30415e-001
223	 2,7750000000e+001	-1,85204e+001	 5,16292e-001
224	 2,7875000000e+001	-1,84597e+001	 4,85832e-001
225	 2,8000000000e+001	-1,84672e+001	 4,79560e-001
226	 2,8125000000e+001	-1,84332e+001	 4,67525e-001
227	 2,8250000000e+001	-1,83982e+001	 4,82607e-001
228	 2,8375000000e+001	-1,83689e+001	 4,99584e-001
229	 2,8500000000e+001	-1,83205e+001	 4,97827e-001
230	 2,8625000000e+001	-1,82475e+001	 4,82824e-001
231	 2,8750000000e+001	-1,82109e+001	 4,92755e-001
232	 2,8875000000e+001	-1,82089e+001	 5,03663e-001
233	 2,9000000000e+001	-1,81530e+001	 5,11066e-001
234	 2,9125000000e+001	-1,81061e+001	 4,91147e-001
235	 2,9250000000e+001	-1,80797e+001	 4,67035e-001
236	 2,9375000000e+001	-1,80462e+001	 4,75055e-001
237	 2,9500000000e+001	-1,80342e+001	 4,77451e-001
238	 2,9625000000e+001	-1,79542e+001	 4,65372e-001
239	 2,9750000000e+001	-1,79278e+001	 4,66481e-001
240	 2,9875000000e+001	-1,79194e+001	 4,43277e-001
241	 3,0000000000e+001	-1,78886e+001	 4,64991e-001
242	 3,0125000000e+001	-1,78928e+001	 4,68930e-001
243	 3,0250000000e+001	-1,78336e+001	 4,87792e-001
244	 3,0375000000e+001	-1,77955e+001	 4,54702e-001
245	 3,0500000000e+001	-1,77280e+001	 4,11866e-001
246	 3,0625000000e+001	-1,77206e+001	 4,27548e-001
247	 3,0750000000e+001	-1,76892e+001	 4,42239e-001
248	 3,0875000000e+001	-1,76686e+001	 4,51953e-001
249	 3,1000000000e+001	-1,76333e+001	 4,45768e-001
250	 3,1125000000e+001	-1,75918e+001	 4,45969e-001
251	 3,1250000000e+001	-1,75496e+001	 4,29458e-001
252	 3,1375000000e+001	-1,75119e+001	 4,19191e-001
253	 3,1500000000e+001	-1,74925e+001	 4,26938e-001
254	 3,1625000000e+001	-1,74961e+001	 4,27465e-001
255	 3,1750000000e+001	-1,74356e+001	 4,16078e-001
256	 3,1875000000e+001	-1,74004e+001	 4,06586e-001
257	 3,2000000000e+001	-1,73763e+001	 3,96322e-001
258	 3,2125000000e+001	-1,73492e+001	 4,00171e-001
259	 3,2250000000e+001	-1,73527e+001	 3,96427e-001
260	 3,2375000000e+001	-1,73038e+001	 4,17715e-001
261	 3,2500000000e+001	-1,72472e+001	 4,17051e-001
262	 3,2625000000e+001	-1,72311e+001	 3,97961e-001
263	 3,2750000000e+001	-1,72151e+001	 3,83578e-001
264	 3,2875000000e+001	-1,71861e+001	 3,85304e-001
265	 3,3000000000e+001	-1,71601e+001	 3,94067e-001
266	 3,3125000000e+001	-1,71179e+001	 3,88715e-001
267	 3,3250000000e+001	-1,71003e+001	 3,89504e-001
268	 3,3375000000e+001	-1,70812e+001	 3,84100e-001
269	 3,3500000000e+001	-1,70488e+001	 3,67469e-001
270	 3,3625000000e+001	-1,70010e+001	 3,62904e-001
271	 3,3750000000e+001	-1,69785e+001	 3,63585e-001
272	 3,3875000000e+001	-1,69691e+001	 3,54901e-001
273	 3,4000000000e+001	-1,69635e+001	 3,63851e-001
274	 3,4125000000e+001	-1,69382e+001	 3,51827e-001
275	 3,4250000000e+001	-1,68929e+001	 3,56658e-001
276	 3,4375000000e+001	-1,68786e+001	 3,68888e-001
277	 3,4500000000e+001	-1,68784e+001	 3,64983e-001
278	 3,4625000000e+001	-1,68161e+001	 3,50277e-001
279	 3,4750000000e+001	-1,67874e+001	 3,64144e-001
280	 3,4875000000e+001	-1,67572e+001	 3,86564e-001
281	 3,5000000000e+001	-1,67226e+001	 4,10569e-001
282	 3,5125000000e+001	-1,66841e+001	 4,09845e-001
283	 3,5250000000e+001	-1,66268e+001	 4,00994e-001
284	 3,5375000000e+001	-1,66089e+001	 4,25625e-001
285	 3,5500000000e+001	-1,65698e+001	 4,16412e-001
286	 3,5625000000e+001	-1,65616e+001	 3,97797e-001
287	 3,5750000000e+001	-1,65210e+001	 4,21089e-001
288	 3,5875000000e+001	-1,64845e+001	 4,13651e-001
289	 3,6000000000e+001	-1,64575e+001	 4,05679e-001
290	 3,6125000000e+001	-1,64281e+001	 3,93509e-001
291	 3,6250000000e+001	-1,63919e+001	 4,01918e-001
292	 3,6375000000e+001	-1,63686e+001	 3,99631e-001
293	 3,6500000000e+001	-1,63265e+001	 3,95188e-001
294	 3,6625000000e+001	-1,62817e+001	 3,98603e-001
295	 3,6750000000e+001	-1,62452e+001	 4,01829e-001
296	 3,6875000000e+001	-1,62234e+001	 3,95591e-001
297	 3,7000000000e+001	-1,61660e+001	 3,76807e-001
298	 3,7125000000e+001	-1,61455e+001	 3,77378e-001
299	 3,7250000000e+001	-1,61095e+001	 3,78521e-001
300	 3,7375000000e+001	-1,60665e+001	 3,86147e-001
301	 3,7500000000e+001	-1,60575e+001	 3,88508e-001
302	 3,7625000000e+001	-1,60366e+001	 3,78512e-001
303	 3,7750000000e+001	-1,59803e+001	 3,53931e-001
304	 3,7875000000e+001	-1,59463e+001	 3,60030e-001
305	 3,8000000000e+001	-1,59302e+001	 3,63313e-001
306	 3,8125000000e+001	-1,58809e+001	 3,56238e-001
307	 3,8250000000e+001	-1,58606e+001	 3,61608e-001
308	 3,8375000000e+001	-1,58331e+001	 3,63595e-001
309	 3,8500000000e+001	-1,57916e+001	 3,69252e-001
310	 3,8625000000e+001	-1,57426e+001	 3,59966e-001
311	 3,8750000000e+001	-1,57109e+001	 3,59990e-001
312	 3,8875000000e+001	-1,56682e+001	 3,64600e-001
313	 3,9000000000e+001	-1,56569e+001	 3,53324e-001
314	 3,9125000000e+001	-1,56298e+001	 3,48106e-001
315	 3,9250000000e+001	-1,55993e+001	 3,45759e-001
316	 3,9375000000e+001	-1,55693e+001	 3,39126e-001
317	 3,9500000000e+001	-1,55486e+001	 3,45946e-001
318	 3,9625000000e+001	-1,54748e+001	 3,33973e-001
319	 3,9750000000e+001	-1,54541e+001	 3,32486e-001
320	 3,9875000000e+001	-1,54259e+001	 3,21930e-001
321	 4,0000000000e+001	-1,53836e+001	 3,09419e-001
322	 4,0125000000e+001	-1,53659e+001	 3,21437e-001
323	 4,0250000000e+001	-1,53381e+001	 3,29563e-001
324	 4,0375000000e+001	-1,53078e+001	 3,17472e-001
325	 4,0500000000e+001	-1,52512e+001	 3,16629e-001
326	 4,0625000000e+001	-1,52000e+001	 3,14723e-001
327	 4,0750000000e+001	-1,51911e+001	 3,29098e-001
328	 4,0875000000e+001	-1,51515e+001	 2,98792e-001
329	 4,1000000000e+001	-1,51244e+001	 3,00980e-001
330	 4,1125000000e+001	-1,50909e+001	 2,86569e-001
331	 4,1250000000e+001	-1,50396e+001	 2,74881e-001
332	 4,1375000000e+001	-1,50193e+001	 2,72905e-001
333	 4,1500000000e+001	-1,50100e+001	 2,88281e-001
334	 4,1625000000e+001	-1,49595e+001	 2,74177e-001
335	 4,1750000000e+001	-1,49493e+001	 2,41536e-001
336	 4,1875000000e+001	-1,48745e+001	 2,27881e-001
337	 4,2000000000e+001	-1,48077e+001	 2,29211e-001
338	 4,2125000000e+001	-1,47958e+001	 2,28565e-001
339	 4,2250000000e+001	-1,47831e+001	 2,20098e-001
340	 4,2375000000e+001	-1,47860e+001	 2,20611e-001
341	 4,2500000000e+001	-1,47367e+001	 1,85750e-001
342	 4,2625000000e+001	-1,46730e+001	 1,94324e-001
343	 4,2750000000e+001	-1,46491e+001	 1,77742e-001
344	 4,2875000000e+001	-1,46402e+001	 1,75262e-001
345	 4,3000000000e+001	-1,46242e+001	 1,99756e-001
346	 4,3125000000e+001	-1,45795e+001	 2,09587e-001
347	 4,3250000000e+001	-1,45287e+001	 1,96287e-001
348	 4,3375000000e+001	-1,45382e+001	 2,07228e-001
349	 4,3500000000e+001	-1,44822e+001	 2,15433e-001
350	 4,3625000000e+001	-1,44313e+001	 2,26336e-001
351	 4,3750000000e+001	-1,43914e+001	 2,38519e-001
352	 4,3875000000e+001	-1,43565e+001	 2,43033e-001
353	 4,4000000000e+001	-1,43378e+001	 2,52489e-001
354	 4,4125000000e+001	-1,42724e+001	 2,61717e-001
355	 4,4250000000e+001	-1,42534e+001	 2,62875e-001
356	 4,4375000000e+001	-1,42012e+001	 2,46603e-001
357	 4,4500000000e+001	-1,41667e+001	 2,45653e-001
358	 4,4625000000e+001	-1,41498e+001	 2,45096e-001
359	 4,4750000000e+001	-1,40974e+001	 2,53160e-001
360	 4,4875000000e+001	-1,40443e+001	 2,79188e-001
361	 4,5000000000e+001	-1,39992e+001	 2,83085e-001
362	 4,5125000000e+001	-1,39708e+001	 2,54037e-001
363	 4,5250000000e+001	-1,39043e+001	 2,49636e-001
364	 4,5375000000e+001	-1,38695e+001	 2,63663e-001
365	 4,5500000000e+001	-1,38146e+001	 2,37992e-001
366	 4,5625000000e+001	-1,37360e+001	 2,43770e-001
367	 4,5750000000e+001	-1,37169e+001	 2,46213e-001
368	 4,5875000000e+001	-1,36339e+001	 2,36302e-001
369	 4,6000000000e+001	-1,35916e+001	 2,54860e-001
370	 4,6125000000e+001	-1,35652e+001	 2,64566e-001
371	 4,6250000000e+001	-1,35302e+001	 2,64084e-001
372	 4,6375000000e+001	-1,35093e+001	 2,75240e-001
373	 4,6500000000e+001	-1,34004e+001	 2,70252e-001
374	 4,6625000000e+001	-1,33730e+001	 2,64936e-001
375	 4,6750000000e+001	-1,33593e+001	 2,61327e-001
376	 4,6875000000e+001	-1,32335e+001	 2,56173e-001
377	 4,7000000000e+001	-1,32163e+001	 2,47403e-001
378	 4,7125000000e+001	-1,31908e+001	 2,50707e-001
379	 4,7250000000e+001	-1,31152e+001	 2,74404e-001
380	 4,7375000000e+001	-1,30541e+001	 2,64669e-001
381	 4,7500000000e+001	-1,30181e+001	 2,33203e-001
382	 4,7625000000e+001	-1,29625e+001	 2,47369e-001
383	 4,7750000000e+001	-1,28922e+001	 2,62054e-001
384	 4,7875000000e+001	-1,28329e+001	 2,57702e-001
385	 4,8000000000e+001	-1,28119e+001	 2,62832e-001
386	 4,8125000000e+001	-1,27351e+001	 2,42070e-001
387	 4,8250000000e+001	-1,27066e+001	 2,10357e-001
388	 4,8375000000e+001	-1,25822e+001	 2,47911e-001
389	 4,8500000000e+001	-1,25300e+001	 2,41302e-001
390	 4,8625000000e+001	-1,25075e+001	 2,39307e-001
391	 4,8750000000e+001	-1,24569e+001	 2,19996e-001
392	 4,8875000000e+001	-1,24152e+001	 2,48663e-001
393	 4,9000000000e+001	-1,23085e+001	 2,56666e-001
394	 4,9125000000e+001	-1,22575e+001	 2,38386e-001
395	 4,9250000000e+001	-1,21869e+001	 2,29642e-001
396	 4,9375000000e+001	-1,21316e+001	 2,04372e-001
397	 4,9500000000e+001	-1,20738e+001	 2,01249e-001
398	 4,9625000000e+001	-1,19980e+001	 1,94513e-001
399	 4,9750000000e+001	-1,19337e+001	 1,76278e-001
400	 4,9875000000e+001	-1,18826e+001	 1,70009e-001
401	 5,0000000000e+001	-1,18048e+001	 1,78440e-001
402	 5,0125000000e+001	-1,17554e+001	 1,79326e-001
403	 5,0250000000e+001	-1,16914e+001	 1,48365e-001
404	 5,0375000000e+001	-1,15947e+001	 1,31319e-001
405	 5,0500000000e+001	-1,15056e+001	 1,31865e-001
406	 5,0625000000e+001	-1,14723e+001	 1,28613e-001
407	 5,0750000000e+001	-1,14225e+001	 1,11436e-001
408	 5,0875000000e+001	-1,13196e+001	 1,03160e-001
409	 5,1000000000e+001	-1,12916e+001	 1,02651e-001
410	 5,1125000000e+001	-1,12155e+001	 1,02100e-001
411	 5,1250000000e+001	-1,11189e+001	 9,30241e-002
412	 5,1375000000e+001	-1,10676e+001	 9,71151e-002
413	 5,1500000000e+001	-1,09900e+001	 7,88496e-002
414	 5,1625000000e+001	-1,09153e+001	 8,52699e-002
415	 5,1750000000e+001	-1,08655e+001	 8,28797e-002
416	 5,1875000000e+001	-1,07708e+001	 6,02688e-002
417	 5,2000000000e+001	-1,07132e+001	 4,97003e-002
418	 5,2125000000e+001	-1,06722e+001	 5,04110e-002
419	 5,2250000000e+001	-1,05619e+001	 5,09858e-002
420	 5,2375000000e+001	-1,04913e+001	 4,09550e-002
421	 5,2500000000e+001	-1,03995e+001	 3,00807e-002
422	 5,2625000000e+001	-1,03274e+001	 6,27135e-003
423	 5,2750000000e+001	-1,02691e+001	 3,47449e-003
424	 5,2875000000e+001	-1,01599e+001	 2,96663e-003
425	 5,3000000000e+001	-1,00906e+001	 1,99620e-002
426	 5,3125000000e+001	-1,00094e+001	-2,39910e-002
427	 5,3250000000e+001	-9,89399e+000	-5,64727e-003
428	 5,3375000000e+001	-9,81258e+000	-8,78531e-003
429	 5,3500000000e+001	-9,76240e+000	-1,76010e-002
430	 5,3625000000e+001	-9,65363e+000	-3,78357e-002
431	 5,3750000000e+001	-9,59367e+000	-2,13584e-002
432	 5,3875000000e+001	-9,45728e+000	-2,01428e-002
433	 5,4000000000e+001	-9,37143e+000	-2,37534e-002
434	 5,4125000000e+001	-9,28721e+000	-2,21496e-002
435	 5,4250000000e+001	-9,20723e+000	-2,13341e-002
436	 5,4375000000e+001	-9,09720e+000	-2,60702e-002
437	 5,4500000000e+001	-8,98386e+000	-5,36589e-002
438	 5,4625000000e+001	-8,87410e+000	-6,35305e-002
439	 5,4750000000e+001	-8,76872e+000	-6,09440e-002
440	 5,4875000000e+001	-8,69335e+000	-6,38911e-002
441	 5,5000000000e+001	-8,56683e+000	-3,61797e-002
442	 5,5125000000e+001	-8,43642e+000	-8,84708e-002
443	 5,5250000000e+001	-8,34240e+000	-8,14747e-002
444	 5,5375000000e+001	-8,27276e+000	-8,38570e-002
445	 5,5500000000e+001	-8,09968e+000	-1,22598e-001
446	 5,5625000000e+001	-8,03690e+000	-1,09340e-001
447	 5,5750000000e+001	-7,91023e+000	-9,83199e-002
448	 5,5875000000e+001	-7,73151e+000	-1,33851e-001
449	 5,6000000000e+001	-7,60525e+000	-1,44731e-001
450	 5,6125000000e+001	-7,48868e+000	-1,40788e-001
451	 5,6250000000e+001	-7,39561e+000	-1,53532e-001
452	 5,6375000000e+001	-7,29804e+000	-1,62386e-001
453	 5,6500000000e+001	-7,14536e+000	-1,69250e-001
454	 5,6625000000e+001	-6,91370e+000	-2,06657e-001
455	 5,6750000000e+001	-6,86694e+000	-1,94251e-001
456	 5,6875000000e+001	-6,70685e+000	-2,02941e-001
457	 5,7000000000e+001	-6,59151e+000	-2,02186e-001
458	 5,7125000000e+001	-6,38818e+000	-2,13211e-001
459	 5,7250000000e+001	-6,30303e+000	-2,44116e-001
460	 5,7375000000e+001	-6,16325e+000	-2,50974e-001
461	 5,7500000000e+001	-5,93254e+000	-2,40062e-001
462	 5,7625000000e+001	-5,81754e+000	-2,76326e-001
463	 5,7750000000e+001	-5,70838e+000	-2,91416e-001
464	 5,7875000000e+001	-5,55836e+000	-3,26756e-001
465	 5,8000000000e+001	-5,29628e+000	-3,48661e-001
466	 5,8125000000e+001	-5,16122e+000	-3,34801e-001
467	 5,8250000000e+001	-5,01715e+000	-3,53237e-001
468	 5,8375000000e+001	-4,84946e+000	-3,77993e-001
469	 5,8500000000e+001	-4,61714e+000	-3,90521e-001
470	 5,8625000000e+001	-4,41788e+000	-4,40660e-001
471	 5,8750000000e+001	-4,28184e+000	-4,53953e-001
472	 5,8875000000e+001	-4,06603e+000	-4,75777e-001
473	 5,9000000000e+001	-3,91363e+000	-4,93953e-001
474	 5,9125000000e+001	-3,73232e+000	-4,72311e-001
475	 5,9250000000e+001	-3,47436e+000	-5,57369e-001
476	 5,9375000000e+001	-3,22136e+000	-5,60158e-001
477	 5,9500000000e+001	-3,10631e+000	-5,55934e-001
478	 5,9625000000e+001	-2,93106e+000	-5,49199e-001
479	 5,9750000000e+001	-2,65653e+000	-6,31596e-001
480	 5,9875000000e+001	-2,41330e+000	-6,67587e-001
481	 6,0000000000e+001	-2,21243e+000	-7,09580e-001
482	 6,0125000000e+001	-1,98840e+000	-6,93345e-001
483	 6,0250000000e+001	-1,66448e+000	-7,36595e-001
484	 6,0375000000e+001	-1,44914e+000	-8,13298e-001
485	 6,0500000000e+001	-1,23354e+000	-7,68098e-001
486	 6,0625000000e+001	-8,94296e-001	-8,88481e-001
487	 6,0750000000e+001	-7,55322e-001	-8,51769e-001
488	 6,0875000000e+001	-3,74153e-001	-9,01723e-001
489	 6,1000000000e+001	-1,59567e-001	-9,69693e-001
490	 6,1125000000e+001	 2,26225e-002	-9,82468e-001
491	 6,1250000000e+001	 4,55434e-001	-1,01879e+000
492	 6,1375000000e+001	 7,44994e-001	-1,02620e+000
493	 6,1500000000e+001	 1,00697e+000	-1,06620e+000
494	 6,1625000000e+001	 1,38218e+000	-1,13068e+000
495	 6,1750000000e+001	 1,59129e+000	-1,13853e+000
496	 6,1875000000e+001	 1,94613e+000	-1,21311e+000
497	 6,2000000000e+001	 2,34069e+000	-1,28149e+000
498	 6,2125000000e+001	 2,62530e+000	-1,33387e+000
499	 6,2250000000e+001	 3,14930e+000	-1,29105e+000
500	 6,2375000000e+001	 3,38476e+000	-1,37957e+000
501	 6,2500000000e+001	 3,80470e+000	-1,48346e+000
502	 6,2625000000e+001	 4,20292e+000	-1,48502e+000
503	 6,2750000000e+001	 4,57389e+000	-1,46801e+000
504	 6,2875000000e+001	 5,16088e+000	-1,49750e+000
505	 6,3000000000e+001	 5,68546e+000	-1,60263e+000
506	 6,3125000000e+001	 5,87986e+000	-1,62632e+000
507	 6,3250000000e+001	 6,40730e+000	-1,69169e+000
508	 6,3375000000e+001	 6,90761e+000	-1,81220e+000
509	 6,3500000000e+001	 7,48469e+000	-1,85621e+000
510	 6,3625000000e+001	 7,83410e+000	-1,86175e+000
511	 6,3750000000e+001	 8,74770e+000	-2,01398e+000
512	 6,3875000000e+001	 9,10636e+000	-1,95923e+000
513	 6,4000000000e+001	 9,74928e+000	-2,07902e+000
514	 6,4125000000e+001	 1,04361e+001	-2,17334e+000
515	 6,4250000000e+001	 1,09054e+001	-2,26989e+000
516	 6,4375000000e+001	 1,18621e+001	-2,36476e+000
517	 6,4500000000e+001	 1,25202e+001	-2,43916e+000
518	 6,4625000000e+001	 1,30704e+001	-2,56196e+000
519	 6,4750000000e+001	 1,37899e+001	-2,61925e+000
520	 6,4875000000e+001	 1,45914e+001	-2,87648e+000
521	 6,5000000000e+001	 1,54989e+001	-2,98900e+000
522	 6,5125000000e+001	 1,61623e+001	-2,94156e+000
523	 6,5250000000e+001	 1,74231e+001	-3,08941e+000
524	 6,5375000000e+001	 1,80314e+001	-3,09551e+000
525	 6,5500000000e+001	 1,95779e+001	-3,24006e+000
526	 6,5625000000e+001	 2,04104e+001	-3,28581e+000
527	 6,5750000000e+001	 2,15173e+001	-3,37059e+000
528	 6,5875000000e+001	 2,34669e+001	-3,75864e+000
529	 6,6000000000e+001	 2,42040e+001	-3,82608e+000
530	 6,6125000000e+001	 2,62643e+001	-3,48578e+000
531	 6,6250000000e+001	 2,76298e+001	-4,51987e+000
532	 6,6375000000e+001	 2,90394e+001	-4,52632e+000
533	 6,6500000000e+001	 3,23104e+001	-3,98213e+000
534	 6,6625000000e+001	 3,37964e+001	-4,62432e+000
535	 6,6750000000e+001	 3,50245e+001	-4,93154e+000
536	 6,6875000000e+001	 3,71809e+001	-5,90925e+000
537	 6,7000000000e+001	 4,08876e+001	-5,15963e+000
538	 6,7125000000e+001	 4,65024e+001	-5,65593e+000
539	 6,7250000000e+001	 4,98126e+001	-5,81918e+000
540	 6,7375000000e+001	 5,68564e+001	-7,38872e+000
541	 6,7500000000e+001	 6,10156e+001	-8,52610e+000
542	 6,7625000000e+001	 7,07150e+001	-1,74550e+001
543	 6,7750000000e+001	 7,18440e+001	-2,42059e+001
544	 6,7875000000e+001	 6,90388e+001	-4,07602e+001
545	 6,8000000000e+001	 6,85598e+001	-4,36640e+001
546	 6,8125000000e+001	 6,72463e+001	-4,52412e+001
547	 6,8250000000e+001	 6,54177e+001	-4,79250e+001
548	 6,8375000000e+001	 6,58825e+001	-4,87292e+001
549	 6,8500000000e+001	 6,97977e+001	-4,98232e+001
550	 6,8625000000e+001	 7,40679e+001	-5,18453e+001
551	 6,8750000000e+001	 7,69626e+001	-5,65785e+001
552	 6,8875000000e+001	 7,89609e+001	-6,15666e+001
553	 6,9000000000e+001	 9,12438e+001	-7,11260e+001
554	 6,9125000000e+001	 9,65992e+001	-7,52007e+001
555	 6,9250000000e+001	 9,92228e+001	-7,94709e+001
556	 6,9375000000e+001	 1,14411e+002	-9,94951e+001
557	 6,9500000000e+001	 1,19831e+002	-1,18681e+002
558	 6,9625000000e+001	 1,21953e+002	-1,35442e+002
559	 6,9750000000e+001	 1,22893e+002	-1,61422e+002
560	 6,9875000000e+001	 1,17669e+002	-1,86541e+002
561	 7,0000000000e+001	 8,76155e+001	-2,40942e+002
562	 7,0125000000e+001	 6,96022e+001	-2,69746e+002
563	 7,0250000000e+001	 1,90086e+001	-2,98112e+002
564	 7,0375000000e+001	-1,39773e+001	-3,09274e+002
565	 7,0500000000e+001	-9,49389e+001	-2,87888e+002
566	 7,0625000000e+001	-1,49243e+002	-2,62970e+002
567	 7,0750000000e+001	-1,68622e+002	-2,28233e+002
568	 7,0875000000e+001	-1,89581e+002	-1,83662e+002
569	 7,1000000000e+001	-1,85697e+002	-1,58571e+002
570	 7,1125000000e+001	-1,89507e+002	-1,23434e+002
571	 7,1250000000e+001	-1,70076e+002	-8,82853e+001
572	 7,1375000000e+001	-1,67713e+002	-7,68937e+001
573	 7,1500000000e+001	-1,60774e+002	-6,31663e+001
574	 7,1625000000e+001	-1,51938e+002	-5,57745e+001
575	 7,1750000000e+001	-1,38811e+002	-4,35645e+001
576	 7,1875000000e+001	-1,31587e+002	-3,94214e+001
577	 7,2000000000e+001	-1,25533e+002	-3,58856e+001
578	 7,2125000000e+001	-1,20621e+002	-3,27436e+001
579	 7,2250000000e+001	-1,17042e+002	-2,91378e+001
580	 7,2375000000e+001	-1,11476e+002	-2,30480e+001
581	 7,2500000000e+001	-1,04833e+002	-2,00391e+001
582	 7,2625000000e+001	-1,02619e+002	-1,79896e+001
583	 7,2750000000e+001	-9,90449e+001	-1,65175e+001
584	 7,2875000000e+001	-9,45268e+001	-1,43638e+001
585	 7,3000000000e+001	-9,27960e+001	-1,41145e+001
586	 7,3125000000e+001	-8,79285e+001	-1,23775e+001
587	 7,3250000000e+001	-8,70852e+001	-1,17140e+001
588	 7,3375000000e+001	-8,36230e+001	-1,00204e+001
589	 7,3500000000e+001	-8,14939e+001	-8,88303e+000
590	 7,3625000000e+001	-7,89461e+001	-8,25844e+000
591	 7,3750000000e+001	-7,69292e+001	-7,78402e+000
592	 7,3875000000e+001	-7,54204e+001	-7,40052e+000
593	 7,4000000000e+001	-7,29827e+001	-6,76210e+000
594	 7,4125000000e+001	-7,14594e+001	-5,86933e+000
595	 7,4250000000e+001	-7,04214e+001	-5,72834e+000
596	 7,4375000000e+001	-6,83536e+001	-5,54812e+000
597	 7,4500000000e+001	-6,78027e+001	-5,39834e+000
598	 7,4625000000e+001	-6,66259e+001	-4,96637e+000
599	 7,4750000000e+001	-6,53280e+001	-4,24854e+000
600	 7,4875000000e+001	-6,37108e+001	-4,09097e+000
601	 7,5000000000e+001	-6,24302e+001	-4,11108e+000
602	 7,5125000000e+001	-6,11814e+001	-3,85431e+000
603	 7,5250000000e+001	-6,06639e+001	-3,70756e+000
604	 7,5375000000e+001	-5,94980e+001	-3,39855e+000
605	 7,5500000000e+001	-5,85469e+001	-3,11174e+000
606	 7,5625000000e+001	-5,73964e+001	-2,86267e+000
607	 7,5750000000e+001	-5,68294e+001	-2,55405e+000
608	 7,5875000000e+001	-5,61431e+001	-2,40634e+000
609	 7,6000000000e+001	-5,54234e+001	-2,43542e+000
610	 7,6125000000e+001	-5,49710e+001	-2,44703e+000
611	 7,6250000000e+001	-5,36045e+001	-2,17300e+000
612	 7,6375000000e+001	-5,30471e+001	-2,16824e+000
613	 7,6500000000e+001	-5,25990e+001	-1,91377e+000
614	 7,6625000000e+001	-5,21909e+001	-1,88903e+000
615	 7,6750000000e+001	-5,14278e+001	-1,63414e+000
616	 7,6875000000e+001	-5,05366e+001	-1,57688e+000
617	 7,7000000000e+001	-5,02802e+001	-1,45613e+000
618	 7,7125000000e+001	-4,94862e+001	-1,54171e+000
619	 7,7250000000e+001	-4,90404e+001	-1,52177e+000
620	 7,7375000000e+001	-4,85451e+001	-1,45548e+000
621	 7,7500000000e+001	-4,80436e+001	-1,37799e+000
622	 7,7625000000e+001	-4,79439e+001	-1,07093e+000
623	 7,7750000000e+001	-4,70062e+001	-1,26196e+000
624	 7,7875000000e+001	-4,66209e+001	-1,21421e+000
625	 7,8000000000e+001	-4,60136e+001	-1,13940e+000
626	 7,8125000000e+001	-4,57025e+001	-9,93862e-001
627	 7,8250000000e+001	-4,55997e+001	-9,18104e-001
628	 7,8375000000e+001	-4,52574e+001	-9,89068e-001
629	 7,8500000000e+001	-4,46817e+001	-8,12760e-001
630	 7,8625000000e+001	-4,43375e+001	-7,04722e-001
631	 7,8750000000e+001	-4,41229e+001	-8,43251e-001
632	 7,8875000000e+001	-4,37682e+001	-8,45680e-001
633	 7,9000000000e+001	-4,35541e+001	-8,19687e-001
634	 7,9125000000e+001	-4,29759e+001	-7,56285e-001
635	 7,9250000000e+001	-4,27164e+001	-7,35514e-001
636	 7,9375000000e+001	-4,25111e+001	-6,62255e-001
637	 7,9500000000e+001	-4,21124e+001	-5,76466e-001
638	 7,9625000000e+001	-4,17187e+001	-5,67844e-001
639	 7,9750000000e+001	-4,15492e+001	-5,62723e-001
640	 7,9875000000e+001	-4,12015e+001	-5,35035e-001
641	 8,0000000000e+001	-4,09735e+001	-4,67466e-001
642	 8,0125000000e+001	-4,07131e+001	-4,53905e-001
643	 8,0250000000e+001	-4,04432e+001	-4,29210e-001
644	 8,0375000000e+001	-4,01355e+001	-3,42428e-001
645	 8,0500000000e+001	-3,99383e+001	-3,84306e-001
646	 8,0625000000e+001	-3,97324e+001	-3,91362e-001
647	 8,0750000000e+001	-3,95234e+001	-3,67156e-001
648	 8,0875000000e+001	-3,92887e+001	-3,53566e-001
649	 8,1000000000e+001	-3,91674e+001	-3,09126e-001
650	 8,1125000000e+001	-3,88620e+001	-1,83021e-001
651	 8,1250000000e+001	-3,85904e+001	-3,72512e-001
652	 8,1375000000e+001	-3,83812e+001	-3,36836e-001
653	 8,1500000000e+001	-3,82086e+001	-2,88617e-001
654	 8,1625000000e+001	-3,81451e+001	-3,08214e-001
655	 8,1750000000e+001	-3,77395e+001	-2,70916e-001
656	 8,1875000000e+001	-3,76406e+001	-2,49964e-001
657	 8,2000000000e+001	-3,74968e+001	-2,64334e-001
658	 8,2125000000e+001	-3,73258e+001	-2,68461e-001
659	 8,2250000000e+001	-3,70792e+001	-2,43199e-001
660	 8,2375000000e+001	-3,69673e+001	-2,61568e-001
661	 8,2500000000e+001	-3,67874e+001	-2,68360e-001
662	 8,2625000000e+001	-3,66396e+001	-2,86194e-001
663	 8,2750000000e+001	-3,64573e+001	-2,54838e-001
664	 8,2875000000e+001	-3,63355e+001	-2,29258e-001
665	 8,3000000000e+001	-3,61952e+001	-2,62311e-001
666	 8,3125000000e+001	-3,60512e+001	-2,68156e-001
667	 8,3250000000e+001	-3,58594e+001	-2,20280e-001
668	 8,3375000000e+001	-3,56849e+001	-1,70502e-001
669	 8,3500000000e+001	-3,55444e+001	-2,11920e-001
670	 8,3625000000e+001	-3,54925e+001	-2,96139e-001
671	 8,3750000000e+001	-3,53537e+001	-2,47647e-001
672	 8,3875000000e+001	-3,51544e+001	-1,71478e-001
673	 8,4000000000e+001	-3,50549e+001	-1,33982e-001
674	 8,4125000000e+001	-3,49133e+001	-1,35919e-001
675	 8,4250000000e+001	-3,47924e+001	-1,36106e-001
676	 8,4375000000e+001	-3,47196e+001	-1,20562e-001
677	 8,4500000000e+001	-3,45129e+001	-6,14920e-002
678	 8,4625000000e+001	-3,43890e+001	-8,75546e-002
679	 8,4750000000e+001	-3,42874e+001	-9,60041e-002
680	 8,4875000000e+001	-3,41839e+001	-1,06658e-001
681	 8,5000000000e+001	-3,40385e+001	-8,84263e-002
682	 8,5125000000e+001	-3,39054e+001	-9,87400e-002
683	 8,5250000000e+001	-3,38257e+001	-9,79197e-002
684	 8,5375000000e+001	-3,36811e+001	-9,29123e-002
685	 8,5500000000e+001	-3,36267e+001	-5,40530e-002
686	 8,5625000000e+001	-3,34868e+001	 2,55687e-002
687	 8,5750000000e+001	-3,33952e+001	-2,97456e-002
688	 8,5875000000e+001	-3,33236e+001	-3,27255e-002
689	 8,6000000000e+001	-3,31967e+001	-1,61053e-002
690	 8,6125000000e+001	-3,30532e+001	-8,88028e-003
691	 8,6250000000e+001	-3,29484e+001	-2,67874e-002
692	 8,6375000000e+001	-3,28754e+001	-2,44730e-002
693	 8,6500000000e+001	-3,27750e+001	 3,22484e-003
694	 8,6625000000e+001	-3,27038e+001	-2,22057e-002
695	 8,6750000000e+001	-3,26399e+001	-2,93338e-002
696	 8,6875000000e+001	-3,25323e+001	-4,39564e-002
697	 8,7000000000e+001	-3,24346e+001	-5,26470e-003
698	 8,7125000000e+001	-3,23444e+001	 4,53339e-002
699	 8,7250000000e+001	-3,22479e+001	 3,58925e-002
700	 8,7375000000e+001	-3,21787e+001	 1,76505e-002
701	 8,7500000000e+001	-3,20576e+001	 3,56706e-003
702	 8,7625000000e+001	-3,19877e+001	 3,31652e-002
703	 8,7750000000e+001	-3,19472e+001	 1,87840e-002
704	 8,7875000000e+001	-3,17976e+001	 5,41592e-002
705	 8,8000000000e+001	-3,17650e+001	 5,03086e-002
706	 8,8125000000e+001	-3,16684e+001	 4,16584e-005
707	 8,8250000000e+001	-3,15889e+001	 3,92259e-002
708	 8,8375000000e+001	-3,15360e+001	 5,09672e-002
709	 8,8500000000e+001	-3,14394e+001	 6,59614e-002
710	 8,8625000000e+001	-3,13684e+001	 5,61615e-002
711	 8,8750000000e+001	-3,12984e+001	 4,76578e-002
712	 8,8875000000e+001	-3,12238e+001	 7,24145e-002
713	 8,9000000000e+001	-3,11153e+001	 7,23812e-002
714	 8,9125000000e+001	-3,10316e+001	 6,37321e-002
715	 8,9250000000e+001	-3,09905e+001	 6,55884e-002
716	 8,9375000000e+001	-3,08979e+001	 7,49589e-002
717	 8,9500000000e+001	-3,08158e+001	 3,45239e-002
718	 8,9625000000e+001	-3,07658e+001	 4,05186e-002
719	 8,9750000000e+001	-3,07171e+001	 4,00378e-002
720	 8,9875000000e+001	-3,06203e+001	 5,86497e-002
721	 9,0000000000e+001	-3,05233e+001	 7,61515e-002
722	 9,0125000000e+001	-3,04820e+001	 7,80547e-002
723	 9,0250000000e+001	-3,04404e+001	 5,29360e-002
724	 9,0375000000e+001	-3,03895e+001	 5,62828e-002
725	 9,0500000000e+001	-3,02996e+001	 7,27765e-002
726	 9,0625000000e+001	-3,02305e+001	 8,26527e-002
727	 9,0750000000e+001	-3,01564e+001	 7,24342e-002
728	 9,0875000000e+001	-3,01059e+001	 9,45615e-002
729	 9,1000000000e+001	-3,00603e+001	 9,25317e-002
730	 9,1125000000e+001	-3,00066e+001	 7,52348e-002
731	 9,1250000000e+001	-2,99148e+001	 4,10514e-002
732	 9,1375000000e+001	-2,98830e+001	 4,64548e-002
733	 9,1500000000e+001	-2,98152e+001	 6,55906e-002
734	 9,1625000000e+001	-2,97708e+001	 8,20012e-002
735	 9,1750000000e+001	-2,97292e+001	 9,23699e-002
736	 9,1875000000e+001	-2,96473e+001	 5,25701e-002
737	 9,2000000000e+001	-2,96065e+001	 5,40525e-002
738	 9,2125000000e+001	-2,95650e+001	 6,13677e-002
739	 9,2250000000e+001	-2,94765e+001	 4,61316e-002
740	 9,2375000000e+001	-2,94310e+001	 3,10324e-002
741	 9,2500000000e+001	-2,93697e+001	 2,55029e-002
742	 9,2625000000e+001	-2,93096e+001	 1,72947e-002
743	 9,2750000000e+001	-2,92552e+001	 4,72858e-002
744	 9,2875000000e+001	-2,92089e+001	 3,01398e-002
745	 9,3000000000e+001	-2,91854e+001	 3,08518e-002
746	 9,3125000000e+001	-2,91763e+001	 2,66755e-002
747	 9,3250000000e+001	-2,91199e+001	 2,50789e-002
748	 9,3375000000e+001	-2,90735e+001	 2,06419e-002
749	 9,3500000000e+001	-2,90071e+001	 3,17770e-002
750	 9,3625000000e+001	-2,89636e+001	 4,35803e-002
751	 9,3750000000e+001	-2,89387e+001	 4,20721e-002
752	 9,3875000000e+001	-2,89125e+001	 3,18481e-002
753	 9,4000000000e+001	-2,88772e+001	 1,91156e-002
754	 9,4125000000e+001	-2,87666e+001	 2,43160e-002
755	 9,4250000000e+001	-2,87383e+001	 3,03822e-002
756	 9,4375000000e+001	-2,87427e+001	 1,95881e-002
757	 9,4500000000e+001	-2,87031e+001	 1,68957e-002
758	 9,4625000000e+001	-2,86575e+001	 3,82406e-004
759	 9,4750000000e+001	-2,86099e+001	 2,46630e-002
760	 9,4875000000e+001	-2,85992e+001	 3,96742e-002
761	 9,5000000000e+001	-2,85449e+001	 5,60107e-002
762	 9,5125000000e+001	-2,84981e+001	 6,38305e-002
763	 9,5250000000e+001	-2,84653e+001	 5,59419e-002
764	 9,5375000000e+001	-2,84264e+001	 4,32467e-002
765	 9,5500000000e+001	-2,83929e+001	 4,07251e-002
766	 9,5625000000e+001	-2,83063e+001	 4,72266e-002
767	 9,5750000000e+001	-2,82923e+001	 6,83644e-002
768	 9,5875000000e+001	-2,82739e+001	 6,37838e-002
769	 9,6000000000e+001	-2,82356e+001	 6,55361e-002
770	 9,6125000000e+001	-2,81745e+001	 8,26667e-002
771	 9,6250000000e+001	-2,81590e+001	 8,27662e-002
772	 9,6375000000e+001	-2,81440e+001	 8,68262e-002
773	 9,6500000000e+001	-2,80967e+001	 7,67536e-002
774	 9,6625000000e+001	-2,80452e+001	 9,37723e-002
775	 9,6750000000e+001	-2,79872e+001	 1,08204e-001
776	 9,6875000000e+001	-2,79672e+001	 1,08244e-001
777	 9,7000000000e+001	-2,79251e+001	 1,14144e-001
778	 9,7125000000e+001	-2,78851e+001	 1,17315e-001
779	 9,7250000000e+001	-2,78791e+001	 1,37336e-001
780	 9,7375000000e+001	-2,78173e+001	 1,32019e-001
781	 9,7500000000e+001	-2,77728e+001	 1,26916e-001
782	 9,7625000000e+001	-2,77537e+001	 1,37379e-001
783	 9,7750000000e+001	-2,76979e+001	 1,29794e-001
784	 9,7875000000e+001	-2,76678e+001	 1,51156e-001
785	 9,8000000000e+001	-2,76383e+001	 1,61386e-001
786	 9,8125000000e+001	-2,76034e+001	 1,59769e-001
787	 9,8250000000e+001	-2,75509e+001	 1,64803e-001
788	 9,8375000000e+001	-2,75017e+001	 1,74671e-001
789	 9,8500000000e+001	-2,74594e+001	 1,81189e-001
790	 9,8625000000e+001	-2,74287e+001	 1,93147e-001
791	 9,8750000000e+001	-2,73973e+001	 1,91801e-001
792	 9,8875000000e+001	-2,73478e+001	 1,91196e-001
793	 9,9000000000e+001	-2,73260e+001	 1,88990e-001
794	 9,9125000000e+001	-2,72949e+001	 1,91715e-001
795	 9,9250000000e+001	-2,72317e+001	 1,99082e-001
796	 9,9375000000e+001	-2,71955e+001	 1,73649e-001
797	 9,9500000000e+001	-2,71861e+001	 1,80835e-001
798	 9,9625000000e+001	-2,71394e+001	 1,92152e-001
799	 9,9750000000e+001	-2,70852e+001	 2,23687e-001
800	 9,9875000000e+001	-2,70553e+001	 2,49962e-001
801	 1,0000000000e+002	-2,70258e+001	 2,24038e-001
TagsBegin:	 	 	 
OverLoad:	 	False	 
AverageNumber: []	 	 6,00000e+000	 
OverLoadRatio: []	 	 1,19209e-007	 
TagsEnd:	 	 	 
TagScalesBegin:	 	 	 
TagScalesEnd:	 	 	 
