Header Size:	 79	 	 
Pulse Version:	 80	 	 
Running Pulse Version:	PULSE LabShop  Version 18.1.0.28 - 2013-11-23	 	 
Decimal Symbol:	,	 	 
Date Format:	dd.MM.yyyy	 	 
Time Format:	HH:mm:ss:mmm	 	 
Data Type:	Complex	 	 
Slice:	False	 	 
Z-Axis type:	Linear	 	 
Z-Axis size:	1	 	 
Z-Axis unit:	 	 	 
Z-Axis first value:	 0,0000000000e+000	 	 
Z-Axis delta:	 1,0000000000e+000	 	 
X-Axis type:	Linear	 	 
X-Axis size:	801	 	 
X-Axis unit:	Hz	 	 
X-Axis first value:	 0,0000000000e+000	 	 
X-Axis delta:	 1,2500000000e-001	 	 
	 	 	 
AmplitudeUnit:	(m/s²)/N	 	 
Analyzer:	FFT_Spectrum_Averaging	 	 
AnalyzerName:	STS FFT Analyzer	 	 
	 	 	 
	 	 	 
Bipolar:	True	 	 
CenterFrequency:	 5,0000000000e+001	 	 
	 	 	 
	 	 	 
	 	 	 
	 	 	 
	 	 	 
	 	 	 
	 	 	 
	 	 	 
Domain:	1	 	 
Function:	Frequency Response	 	 
	 	 	 
	 	 	 
	 	 	 
	 	 	 
MultiBufferName:	Input	 	 
NBW:	 1,5000000000e+000	 	 
	 	 	 
OverlapFailed:	False	 	 
Overrun:	False	 	 
Power:	False	 	 
	 	 	 
Ratio:	True	 	 
RecordLength:	 8,0000000000e+000	 	 
ReducedSize:	True	 	 
Ref_Signal:	ForceTransducer Ref.	 	 
	 	 	 
	 	 	 
RefSignalUnit:	N	 	 
	 	 	 
	 	 	 
Signal:	4507 B 1-x	 	 
	 	 	 
SignalUnit:	m/s²	 	 
	 	 	 
	 	 	 
	 	 	 
Title:	Frequency Response H1(4507 B 1-x,ForceTransducer Ref.) - STS Measurement 1	 	 
Title1:	STS : STS Measurement 1 : Input : STS FFT Analyzer	 	 
	 	 	 
	 	 	 
	 	 	 
ZoomOn:	False	 	 
	 	 	 
TemplateName:	STS	 	 
MeasurementName:	STS Measurement 1	 	 
MeasurementSlice:	False	 	 
	 	 	 
	 	 	 
	 	 	 
EnvelopeOn:	False	 	 
	 	 	 
	 	 	 
	 	 	 
Z-index:	 	1	 
Date:	 	02.03.2016	 
Time:	 	14:57:12:332	 
Relative time:	 	 0,00000e+000	 
Z-axis:	 	 0,0000000000e+000	 
1	 0,0000000000e+000	 3,10569e+005	-0,00000e+000
2	 1,2500000000e-001	 2,83985e+005	-8,97327e+004
3	 2,5000000000e-001	-1,56892e+003	-1,10625e+004
4	 3,7500000000e-001	 1,94172e+003	-6,18238e+002
5	 5,0000000000e-001	-1,63158e+002	 9,82185e+001
6	 6,2500000000e-001	 3,01484e+001	-1,58634e+002
7	 7,5000000000e-001	-4,76388e+001	 1,40321e+002
8	 8,7500000000e-001	 1,06168e+001	-1,72245e+001
9	 1,0000000000e+000	 1,51688e+001	 8,37049e+000
10	 1,1250000000e+000	-2,24328e+001	-1,34426e+001
11	 1,2500000000e+000	 1,52593e+001	 6,80103e+000
12	 1,3750000000e+000	 1,06313e+000	 2,19265e+000
13	 1,5000000000e+000	-2,07370e+000	-5,50917e+000
14	 1,6250000000e+000	 2,42824e+000	 3,65574e+000
15	 1,7500000000e+000	 3,89882e+000	-1,05267e+000
16	 1,8750000000e+000	-3,51274e+000	 4,62284e-001
17	 2,0000000000e+000	 1,35280e+000	 3,19447e-001
18	 2,1250000000e+000	 1,40659e-001	-7,91377e-001
19	 2,2500000000e+000	 1,62617e+000	-3,17345e-001
20	 2,3750000000e+000	 5,04054e-001	 7,03937e-001
21	 2,5000000000e+000	 2,22810e+000	-4,24919e-001
22	 2,6250000000e+000	-1,28002e+000	-1,44535e+000
23	 2,7500000000e+000	 1,62999e+000	 2,05787e-001
24	 2,8750000000e+000	 5,19548e-001	-6,67845e-001
25	 3,0000000000e+000	 3,31981e+000	-3,43652e-002
26	 3,1250000000e+000	 6,86650e-001	-4,51553e-001
27	 3,2500000000e+000	 1,87554e+000	-8,30911e-001
28	 3,3750000000e+000	 2,15958e+000	-3,11419e-001
29	 3,5000000000e+000	 2,12234e+000	-3,25767e-001
30	 3,6250000000e+000	 2,34113e+000	-3,28657e-001
31	 3,7500000000e+000	 2,47518e+000	-7,24634e-001
32	 3,8750000000e+000	 2,98136e+000	-5,68311e-001
33	 4,0000000000e+000	 3,35433e+000	-6,27915e-001
34	 4,1250000000e+000	 3,10802e+000	-6,50508e-001
35	 4,2500000000e+000	 3,63222e+000	-6,60911e-001
36	 4,3750000000e+000	 3,60322e+000	-6,88200e-001
37	 4,5000000000e+000	 3,80194e+000	-3,76036e-001
38	 4,6250000000e+000	 4,35690e+000	-7,70470e-001
39	 4,7500000000e+000	 4,52667e+000	-6,48671e-001
40	 4,8750000000e+000	 4,85045e+000	-1,28502e+000
41	 5,0000000000e+000	 5,08321e+000	-7,05658e-001
42	 5,1250000000e+000	 5,15597e+000	-8,57106e-001
43	 5,2500000000e+000	 5,60177e+000	-1,51008e+000
44	 5,3750000000e+000	 5,97085e+000	-8,12470e-001
45	 5,5000000000e+000	 6,37722e+000	-5,51046e-001
46	 5,6250000000e+000	 7,17784e+000	-1,03615e+000
47	 5,7500000000e+000	 7,56792e+000	-1,12716e+000
48	 5,8750000000e+000	 8,09134e+000	-1,21853e+000
49	 6,0000000000e+000	 8,98686e+000	-1,46687e+000
50	 6,1250000000e+000	 9,08293e+000	-1,61829e+000
51	 6,2500000000e+000	 9,81594e+000	-1,58880e+000
52	 6,3750000000e+000	 1,09262e+001	-1,95128e+000
53	 6,5000000000e+000	 1,14763e+001	-2,29199e+000
54	 6,6250000000e+000	 1,17930e+001	-2,49189e+000
55	 6,7500000000e+000	 1,19699e+001	-2,00685e+000
56	 6,8750000000e+000	 1,29177e+001	-2,18984e+000
57	 7,0000000000e+000	 1,37315e+001	-2,23643e+000
58	 7,1250000000e+000	 1,48105e+001	-2,53001e+000
59	 7,2500000000e+000	 1,56875e+001	-2,90031e+000
60	 7,3750000000e+000	 1,61204e+001	-3,39149e+000
61	 7,5000000000e+000	 1,72884e+001	-3,32330e+000
62	 7,6250000000e+000	 1,94587e+001	-3,51842e+000
63	 7,7500000000e+000	 2,14525e+001	-4,11993e+000
64	 7,8750000000e+000	 2,19641e+001	-4,25116e+000
65	 8,0000000000e+000	 2,33829e+001	-4,82673e+000
66	 8,1250000000e+000	 2,43215e+001	-5,13179e+000
67	 8,2500000000e+000	 2,61913e+001	-5,49247e+000
68	 8,3750000000e+000	 2,71168e+001	-5,98011e+000
69	 8,5000000000e+000	 2,94223e+001	-8,22899e+000
70	 8,6250000000e+000	 3,15679e+001	-9,57016e+000
71	 8,7500000000e+000	 3,61078e+001	-9,45831e+000
72	 8,8750000000e+000	 3,85536e+001	-1,11466e+001
73	 9,0000000000e+000	 4,31254e+001	-1,15402e+001
74	 9,1250000000e+000	 4,62769e+001	-1,09873e+001
75	 9,2500000000e+000	 5,18210e+001	-1,64867e+001
76	 9,3750000000e+000	 5,72164e+001	-1,67358e+001
77	 9,5000000000e+000	 6,09311e+001	-2,17439e+001
78	 9,6250000000e+000	 6,33441e+001	-2,67165e+001
79	 9,7500000000e+000	 8,65130e+001	-3,63268e+001
80	 9,8750000000e+000	 9,85504e+001	-4,27999e+001
81	 1,0000000000e+001	 1,04051e+002	-5,66234e+001
82	 1,0125000000e+001	 1,20583e+002	-7,13034e+001
83	 1,0250000000e+001	 1,31474e+002	-9,05381e+001
84	 1,0375000000e+001	 1,15516e+002	-1,80201e+002
85	 1,0500000000e+001	 8,43790e+001	-2,46232e+002
86	 1,0625000000e+001	 9,30464e+001	-2,71964e+002
87	 1,0750000000e+001	-6,52547e+001	-1,90289e+002
88	 1,0875000000e+001	-1,79858e+002	-4,64237e+001
89	 1,1000000000e+001	-1,59973e+002	-5,94822e+001
90	 1,1125000000e+001	-1,67701e+002	-5,34752e+001
91	 1,1250000000e+001	-1,30462e+002	-3,28353e+001
92	 1,1375000000e+001	-1,24271e+002	-2,66216e+001
93	 1,1500000000e+001	-1,14422e+002	-2,05922e+001
94	 1,1625000000e+001	-1,03896e+002	-2,41705e+001
95	 1,1750000000e+001	-8,83471e+001	-2,14002e+001
96	 1,1875000000e+001	-8,05134e+001	-1,17314e+001
97	 1,2000000000e+001	-7,95690e+001	-8,73831e+000
98	 1,2125000000e+001	-7,34152e+001	-8,29326e+000
99	 1,2250000000e+001	-7,18406e+001	-8,30863e+000
100	 1,2375000000e+001	-6,31556e+001	-5,56915e+000
101	 1,2500000000e+001	-6,18629e+001	-2,49546e+000
102	 1,2625000000e+001	-5,78954e+001	-3,36264e+000
103	 1,2750000000e+001	-5,52114e+001	-3,24005e+000
104	 1,2875000000e+001	-5,43354e+001	-2,85947e+000
105	 1,3000000000e+001	-5,14899e+001	-2,26630e+000
106	 1,3125000000e+001	-4,93153e+001	-2,23954e+000
107	 1,3250000000e+001	-4,76408e+001	-2,14256e+000
108	 1,3375000000e+001	-4,66311e+001	-1,43332e+000
109	 1,3500000000e+001	-4,50461e+001	-8,69921e-001
110	 1,3625000000e+001	-4,28043e+001	-1,18438e+000
111	 1,3750000000e+001	-4,23359e+001	-1,09079e+000
112	 1,3875000000e+001	-4,19836e+001	-1,24745e+000
113	 1,4000000000e+001	-4,00516e+001	-1,37058e+000
114	 1,4125000000e+001	-4,00508e+001	-1,49876e+000
115	 1,4250000000e+001	-3,88879e+001	-1,07462e+000
116	 1,4375000000e+001	-3,80816e+001	-7,16048e-001
117	 1,4500000000e+001	-3,68165e+001	-7,61829e-001
118	 1,4625000000e+001	-3,61039e+001	-8,57032e-001
119	 1,4750000000e+001	-3,57057e+001	-7,44210e-001
120	 1,4875000000e+001	-3,50133e+001	-7,21467e-001
121	 1,5000000000e+001	-3,43157e+001	-7,89342e-001
122	 1,5125000000e+001	-3,37349e+001	-7,10279e-001
123	 1,5250000000e+001	-3,32069e+001	-6,35788e-001
124	 1,5375000000e+001	-3,28260e+001	-3,55613e-001
125	 1,5500000000e+001	-3,25222e+001	-5,33238e-001
126	 1,5625000000e+001	-3,20572e+001	-8,16961e-001
127	 1,5750000000e+001	-3,11165e+001	-6,00762e-001
128	 1,5875000000e+001	-3,11587e+001	-5,57541e-001
129	 1,6000000000e+001	-3,08005e+001	-6,43837e-001
130	 1,6125000000e+001	-3,05234e+001	-6,55129e-001
131	 1,6250000000e+001	-3,03552e+001	-5,12687e-001
132	 1,6375000000e+001	-2,98975e+001	-4,69593e-001
133	 1,6500000000e+001	-2,97672e+001	-5,03626e-001
134	 1,6625000000e+001	-2,93712e+001	-5,43427e-001
135	 1,6750000000e+001	-2,88723e+001	-4,87706e-001
136	 1,6875000000e+001	-2,86627e+001	-3,42589e-001
137	 1,7000000000e+001	-2,86162e+001	-3,50581e-001
138	 1,7125000000e+001	-2,80740e+001	-2,88507e-001
139	 1,7250000000e+001	-2,79311e+001	-2,53214e-001
140	 1,7375000000e+001	-2,78002e+001	-1,61975e-001
141	 1,7500000000e+001	-2,75620e+001	-2,09935e-001
142	 1,7625000000e+001	-2,72321e+001	-1,16462e-001
143	 1,7750000000e+001	-2,69977e+001	-1,45566e-001
144	 1,7875000000e+001	-2,67507e+001	-1,95386e-001
145	 1,8000000000e+001	-2,66772e+001	-1,57410e-001
146	 1,8125000000e+001	-2,65704e+001	-1,68664e-001
147	 1,8250000000e+001	-2,62633e+001	 1,44924e-001
148	 1,8375000000e+001	-2,59971e+001	 2,15768e-001
149	 1,8500000000e+001	-2,61089e+001	 3,95277e-002
150	 1,8625000000e+001	-2,58598e+001	 1,94504e-001
151	 1,8750000000e+001	-2,53912e+001	 2,35196e-001
152	 1,8875000000e+001	-2,51236e+001	 1,59421e-001
153	 1,9000000000e+001	-2,50718e+001	 1,36482e-001
154	 1,9125000000e+001	-2,49201e+001	 1,04589e-001
155	 1,9250000000e+001	-2,48424e+001	 6,81927e-002
156	 1,9375000000e+001	-2,45896e+001	 1,11409e-001
157	 1,9500000000e+001	-2,44613e+001	 9,86617e-002
158	 1,9625000000e+001	-2,42624e+001	 7,80892e-002
159	 1,9750000000e+001	-2,41727e+001	 7,34820e-002
160	 1,9875000000e+001	-2,40535e+001	 3,99151e-002
161	 2,0000000000e+001	-2,38937e+001	 4,14287e-002
162	 2,0125000000e+001	-2,37311e+001	 1,14731e-001
163	 2,0250000000e+001	-2,36881e+001	 1,24796e-001
164	 2,0375000000e+001	-2,35861e+001	 1,35652e-001
165	 2,0500000000e+001	-2,34675e+001	 8,00920e-002
166	 2,0625000000e+001	-2,32606e+001	 9,98237e-002
167	 2,0750000000e+001	-2,31688e+001	 1,13401e-001
168	 2,0875000000e+001	-2,30878e+001	 1,89024e-001
169	 2,1000000000e+001	-2,29147e+001	 8,68066e-002
170	 2,1125000000e+001	-2,28106e+001	 1,14672e-001
171	 2,1250000000e+001	-2,28037e+001	 1,37814e-001
172	 2,1375000000e+001	-2,27291e+001	 1,57275e-001
173	 2,1500000000e+001	-2,24851e+001	 8,03326e-002
174	 2,1625000000e+001	-2,24617e+001	 1,52277e-001
175	 2,1750000000e+001	-2,23603e+001	 1,34201e-001
176	 2,1875000000e+001	-2,23032e+001	 1,42154e-001
177	 2,2000000000e+001	-2,21411e+001	 1,47390e-001
178	 2,2125000000e+001	-2,21315e+001	 1,12112e-001
179	 2,2250000000e+001	-2,19763e+001	 1,40055e-001
180	 2,2375000000e+001	-2,19392e+001	 1,85328e-001
181	 2,2500000000e+001	-2,18513e+001	 1,74150e-001
182	 2,2625000000e+001	-2,17702e+001	 1,40212e-001
183	 2,2750000000e+001	-2,17172e+001	 1,23967e-001
184	 2,2875000000e+001	-2,16331e+001	 1,32842e-001
185	 2,3000000000e+001	-2,15503e+001	 1,27020e-001
186	 2,3125000000e+001	-2,15035e+001	 1,14845e-001
187	 2,3250000000e+001	-2,14404e+001	 9,48643e-002
188	 2,3375000000e+001	-2,13768e+001	 7,08065e-002
189	 2,3500000000e+001	-2,12433e+001	 8,98608e-002
190	 2,3625000000e+001	-2,11720e+001	 6,05426e-002
191	 2,3750000000e+001	-2,11273e+001	 8,56803e-002
192	 2,3875000000e+001	-2,10770e+001	 1,23893e-001
193	 2,4000000000e+001	-2,09631e+001	 1,26879e-001
194	 2,4125000000e+001	-2,09587e+001	 1,07584e-001
195	 2,4250000000e+001	-2,09645e+001	 1,38502e-001
196	 2,4375000000e+001	-2,08920e+001	 1,07270e-001
197	 2,4500000000e+001	-2,07963e+001	 1,46235e-001
198	 2,4625000000e+001	-2,07425e+001	 1,54666e-001
199	 2,4750000000e+001	-2,06747e+001	 1,50359e-001
200	 2,4875000000e+001	-2,06124e+001	 1,61059e-001
201	 2,5000000000e+001	-2,05397e+001	 1,20353e-001
202	 2,5125000000e+001	-2,05094e+001	 1,38902e-001
203	 2,5250000000e+001	-2,04689e+001	 1,33222e-001
204	 2,5375000000e+001	-2,03762e+001	 1,23533e-001
205	 2,5500000000e+001	-2,02821e+001	 1,37706e-001
206	 2,5625000000e+001	-2,02626e+001	 1,41843e-001
207	 2,5750000000e+001	-2,02506e+001	 1,59074e-001
208	 2,5875000000e+001	-2,01849e+001	 1,55022e-001
209	 2,6000000000e+001	-2,01289e+001	 1,60945e-001
210	 2,6125000000e+001	-2,00698e+001	 1,73175e-001
211	 2,6250000000e+001	-2,00179e+001	 1,77893e-001
212	 2,6375000000e+001	-1,99975e+001	 1,89816e-001
213	 2,6500000000e+001	-1,99307e+001	 1,72726e-001
214	 2,6625000000e+001	-1,98587e+001	 1,78167e-001
215	 2,6750000000e+001	-1,98496e+001	 1,76784e-001
216	 2,6875000000e+001	-1,97941e+001	 1,64532e-001
217	 2,7000000000e+001	-1,97053e+001	 1,57632e-001
218	 2,7125000000e+001	-1,96623e+001	 1,53554e-001
219	 2,7250000000e+001	-1,96089e+001	 1,31796e-001
220	 2,7375000000e+001	-1,95690e+001	 1,29740e-001
221	 2,7500000000e+001	-1,95033e+001	 1,42662e-001
222	 2,7625000000e+001	-1,94633e+001	 1,86972e-001
223	 2,7750000000e+001	-1,94051e+001	 1,77819e-001
224	 2,7875000000e+001	-1,93187e+001	 1,37557e-001
225	 2,8000000000e+001	-1,93322e+001	 1,01646e-001
226	 2,8125000000e+001	-1,93212e+001	 1,11806e-001
227	 2,8250000000e+001	-1,92598e+001	 1,55096e-001
228	 2,8375000000e+001	-1,92378e+001	 1,72118e-001
229	 2,8500000000e+001	-1,92165e+001	 1,81974e-001
230	 2,8625000000e+001	-1,91924e+001	 1,61006e-001
231	 2,8750000000e+001	-1,91302e+001	 1,71818e-001
232	 2,8875000000e+001	-1,90599e+001	 2,00639e-001
233	 2,9000000000e+001	-1,89776e+001	 1,53341e-001
234	 2,9125000000e+001	-1,89522e+001	 1,46243e-001
235	 2,9250000000e+001	-1,89144e+001	 1,53508e-001
236	 2,9375000000e+001	-1,88689e+001	 1,68714e-001
237	 2,9500000000e+001	-1,88560e+001	 1,70919e-001
238	 2,9625000000e+001	-1,88094e+001	 1,52559e-001
239	 2,9750000000e+001	-1,87616e+001	 1,77816e-001
240	 2,9875000000e+001	-1,87438e+001	 1,77194e-001
241	 3,0000000000e+001	-1,87321e+001	 1,56892e-001
242	 3,0125000000e+001	-1,87157e+001	 1,62401e-001
243	 3,0250000000e+001	-1,86262e+001	 1,71182e-001
244	 3,0375000000e+001	-1,86081e+001	 1,76291e-001
245	 3,0500000000e+001	-1,85427e+001	 1,60814e-001
246	 3,0625000000e+001	-1,85120e+001	 1,64083e-001
247	 3,0750000000e+001	-1,84788e+001	 1,66845e-001
248	 3,0875000000e+001	-1,84482e+001	 1,53310e-001
249	 3,1000000000e+001	-1,84060e+001	 1,63531e-001
250	 3,1125000000e+001	-1,83593e+001	 1,84038e-001
251	 3,1250000000e+001	-1,83125e+001	 1,80775e-001
252	 3,1375000000e+001	-1,82811e+001	 1,60381e-001
253	 3,1500000000e+001	-1,82636e+001	 1,68076e-001
254	 3,1625000000e+001	-1,82223e+001	 2,00434e-001
255	 3,1750000000e+001	-1,81324e+001	 1,77320e-001
256	 3,1875000000e+001	-1,81223e+001	 1,54938e-001
257	 3,2000000000e+001	-1,80942e+001	 1,43019e-001
258	 3,2125000000e+001	-1,80300e+001	 1,52762e-001
259	 3,2250000000e+001	-1,80374e+001	 1,54405e-001
260	 3,2375000000e+001	-1,79939e+001	 1,52333e-001
261	 3,2500000000e+001	-1,79338e+001	 1,61945e-001
262	 3,2625000000e+001	-1,79157e+001	 1,57332e-001
263	 3,2750000000e+001	-1,79027e+001	 1,54724e-001
264	 3,2875000000e+001	-1,78509e+001	 1,54473e-001
265	 3,3000000000e+001	-1,78030e+001	 1,50845e-001
266	 3,3125000000e+001	-1,77578e+001	 1,51153e-001
267	 3,3250000000e+001	-1,77396e+001	 1,47632e-001
268	 3,3375000000e+001	-1,77078e+001	 1,31398e-001
269	 3,3500000000e+001	-1,76755e+001	 1,26145e-001
270	 3,3625000000e+001	-1,76320e+001	 1,16057e-001
271	 3,3750000000e+001	-1,76075e+001	 1,17998e-001
272	 3,3875000000e+001	-1,75889e+001	 1,01606e-001
273	 3,4000000000e+001	-1,75685e+001	 8,36870e-002
274	 3,4125000000e+001	-1,75341e+001	 7,07709e-002
275	 3,4250000000e+001	-1,74843e+001	 7,75910e-002
276	 3,4375000000e+001	-1,74627e+001	 1,11112e-001
277	 3,4500000000e+001	-1,74519e+001	 1,35849e-001
278	 3,4625000000e+001	-1,73927e+001	 1,11532e-001
279	 3,4750000000e+001	-1,73762e+001	 1,16538e-001
280	 3,4875000000e+001	-1,73378e+001	 1,19606e-001
281	 3,5000000000e+001	-1,73090e+001	 1,27163e-001
282	 3,5125000000e+001	-1,72743e+001	 1,12039e-001
283	 3,5250000000e+001	-1,72456e+001	 1,10764e-001
284	 3,5375000000e+001	-1,71999e+001	 1,29442e-001
285	 3,5500000000e+001	-1,71577e+001	 1,22150e-001
286	 3,5625000000e+001	-1,71433e+001	 1,08970e-001
287	 3,5750000000e+001	-1,70993e+001	 1,26261e-001
288	 3,5875000000e+001	-1,70697e+001	 1,20321e-001
289	 3,6000000000e+001	-1,70460e+001	 1,22360e-001
290	 3,6125000000e+001	-1,69912e+001	 1,34357e-001
291	 3,6250000000e+001	-1,69499e+001	 1,30559e-001
292	 3,6375000000e+001	-1,69325e+001	 1,18295e-001
293	 3,6500000000e+001	-1,69193e+001	 1,07520e-001
294	 3,6625000000e+001	-1,68864e+001	 1,24957e-001
295	 3,6750000000e+001	-1,68487e+001	 1,19262e-001
296	 3,6875000000e+001	-1,68266e+001	 9,99113e-002
297	 3,7000000000e+001	-1,67591e+001	 1,09611e-001
298	 3,7125000000e+001	-1,67347e+001	 1,06768e-001
299	 3,7250000000e+001	-1,67021e+001	 9,56195e-002
300	 3,7375000000e+001	-1,66621e+001	 1,09088e-001
301	 3,7500000000e+001	-1,66480e+001	 1,10076e-001
302	 3,7625000000e+001	-1,66253e+001	 1,14954e-001
303	 3,7750000000e+001	-1,65545e+001	 1,28429e-001
304	 3,7875000000e+001	-1,65342e+001	 1,20805e-001
305	 3,8000000000e+001	-1,65177e+001	 1,19627e-001
306	 3,8125000000e+001	-1,64696e+001	 1,01205e-001
307	 3,8250000000e+001	-1,64482e+001	 9,98638e-002
308	 3,8375000000e+001	-1,64203e+001	 1,05731e-001
309	 3,8500000000e+001	-1,63718e+001	 1,11764e-001
310	 3,8625000000e+001	-1,63291e+001	 1,06631e-001
311	 3,8750000000e+001	-1,63126e+001	 1,05059e-001
312	 3,8875000000e+001	-1,62584e+001	 8,29442e-002
313	 3,9000000000e+001	-1,62291e+001	 9,14438e-002
314	 3,9125000000e+001	-1,62138e+001	 1,04471e-001
315	 3,9250000000e+001	-1,61809e+001	 1,10752e-001
316	 3,9375000000e+001	-1,61301e+001	 1,02553e-001
317	 3,9500000000e+001	-1,60991e+001	 1,14673e-001
318	 3,9625000000e+001	-1,60450e+001	 9,61957e-002
319	 3,9750000000e+001	-1,60278e+001	 9,61555e-002
320	 3,9875000000e+001	-1,59934e+001	 9,15980e-002
321	 4,0000000000e+001	-1,59547e+001	 8,62008e-002
322	 4,0125000000e+001	-1,59182e+001	 8,79685e-002
323	 4,0250000000e+001	-1,58833e+001	 9,86146e-002
324	 4,0375000000e+001	-1,58537e+001	 9,79627e-002
325	 4,0500000000e+001	-1,58104e+001	 1,16981e-001
326	 4,0625000000e+001	-1,57636e+001	 1,04833e-001
327	 4,0750000000e+001	-1,57406e+001	 1,09762e-001
328	 4,0875000000e+001	-1,56939e+001	 9,11563e-002
329	 4,1000000000e+001	-1,56634e+001	 9,22055e-002
330	 4,1125000000e+001	-1,56460e+001	 8,22813e-002
331	 4,1250000000e+001	-1,55958e+001	 8,58470e-002
332	 4,1375000000e+001	-1,55688e+001	 9,31644e-002
333	 4,1500000000e+001	-1,55122e+001	 1,04988e-001
334	 4,1625000000e+001	-1,54545e+001	 9,21384e-002
335	 4,1750000000e+001	-1,54510e+001	 8,92206e-002
336	 4,1875000000e+001	-1,54082e+001	 9,18640e-002
337	 4,2000000000e+001	-1,53556e+001	 8,77166e-002
338	 4,2125000000e+001	-1,53081e+001	 8,31837e-002
339	 4,2250000000e+001	-1,52809e+001	 7,43462e-002
340	 4,2375000000e+001	-1,52581e+001	 7,30500e-002
341	 4,2500000000e+001	-1,52122e+001	 7,17365e-002
342	 4,2625000000e+001	-1,51558e+001	 7,80708e-002
343	 4,2750000000e+001	-1,51209e+001	 5,81994e-002
344	 4,2875000000e+001	-1,50920e+001	 4,58450e-002
345	 4,3000000000e+001	-1,50671e+001	 6,20737e-002
346	 4,3125000000e+001	-1,50260e+001	 6,68608e-002
347	 4,3250000000e+001	-1,49599e+001	 6,02104e-002
348	 4,3375000000e+001	-1,49489e+001	 6,84055e-002
349	 4,3500000000e+001	-1,49003e+001	 5,97261e-002
350	 4,3625000000e+001	-1,48632e+001	 7,69315e-002
351	 4,3750000000e+001	-1,48179e+001	 7,99156e-002
352	 4,3875000000e+001	-1,47616e+001	 7,99981e-002
353	 4,4000000000e+001	-1,47252e+001	 7,72916e-002
354	 4,4125000000e+001	-1,46727e+001	 7,64370e-002
355	 4,4250000000e+001	-1,46550e+001	 9,10542e-002
356	 4,4375000000e+001	-1,45887e+001	 8,06682e-002
357	 4,4500000000e+001	-1,45554e+001	 7,20309e-002
358	 4,4625000000e+001	-1,45286e+001	 6,83900e-002
359	 4,4750000000e+001	-1,44860e+001	 7,87414e-002
360	 4,4875000000e+001	-1,44170e+001	 7,69663e-002
361	 4,5000000000e+001	-1,43764e+001	 8,61191e-002
362	 4,5125000000e+001	-1,43441e+001	 7,70787e-002
363	 4,5250000000e+001	-1,42709e+001	 7,97183e-002
364	 4,5375000000e+001	-1,42444e+001	 7,65556e-002
365	 4,5500000000e+001	-1,42004e+001	 5,08841e-002
366	 4,5625000000e+001	-1,41242e+001	 5,24185e-002
367	 4,5750000000e+001	-1,40967e+001	 5,81134e-002
368	 4,5875000000e+001	-1,40234e+001	 6,33265e-002
369	 4,6000000000e+001	-1,39735e+001	 7,10911e-002
370	 4,6125000000e+001	-1,39432e+001	 6,72764e-002
371	 4,6250000000e+001	-1,38901e+001	 7,01906e-002
372	 4,6375000000e+001	-1,38721e+001	 7,97278e-002
373	 4,6500000000e+001	-1,37525e+001	 7,85995e-002
374	 4,6625000000e+001	-1,37198e+001	 7,05061e-002
375	 4,6750000000e+001	-1,37043e+001	 6,72232e-002
376	 4,6875000000e+001	-1,35977e+001	 3,95543e-002
377	 4,7000000000e+001	-1,35735e+001	 3,87289e-002
378	 4,7125000000e+001	-1,35501e+001	 4,30387e-002
379	 4,7250000000e+001	-1,34672e+001	 4,99474e-002
380	 4,7375000000e+001	-1,34130e+001	 4,56550e-002
381	 4,7500000000e+001	-1,33841e+001	 2,66824e-002
382	 4,7625000000e+001	-1,33184e+001	 3,85157e-002
383	 4,7750000000e+001	-1,32289e+001	 4,34585e-002
384	 4,7875000000e+001	-1,31673e+001	 3,94155e-002
385	 4,8000000000e+001	-1,31452e+001	 3,78121e-002
386	 4,8125000000e+001	-1,30642e+001	 1,63918e-002
387	 4,8250000000e+001	-1,30334e+001	 4,68524e-003
388	 4,8375000000e+001	-1,29383e+001	 2,20526e-002
389	 4,8500000000e+001	-1,28866e+001	 1,76329e-002
390	 4,8625000000e+001	-1,28514e+001	 2,28967e-002
391	 4,8750000000e+001	-1,27916e+001	 4,98176e-003
392	 4,8875000000e+001	-1,27557e+001	 2,51710e-002
393	 4,9000000000e+001	-1,26539e+001	 2,87584e-002
394	 4,9125000000e+001	-1,25935e+001	 2,12870e-002
395	 4,9250000000e+001	-1,25257e+001	 9,88860e-003
396	 4,9375000000e+001	-1,24711e+001	-1,41355e-002
397	 4,9500000000e+001	-1,24262e+001	-1,59591e-002
398	 4,9625000000e+001	-1,23517e+001	-2,51627e-002
399	 4,9750000000e+001	-1,22649e+001	-2,61637e-002
400	 4,9875000000e+001	-1,22185e+001	-2,50385e-002
401	 5,0000000000e+001	-1,21485e+001	-2,23876e-002
402	 5,0125000000e+001	-1,20985e+001	-2,42875e-002
403	 5,0250000000e+001	-1,20233e+001	-5,49832e-002
404	 5,0375000000e+001	-1,19221e+001	-7,98829e-002
405	 5,0500000000e+001	-1,18240e+001	-7,03378e-002
406	 5,0625000000e+001	-1,17990e+001	-6,26307e-002
407	 5,0750000000e+001	-1,17491e+001	-7,64636e-002
408	 5,0875000000e+001	-1,16435e+001	-8,90271e-002
409	 5,1000000000e+001	-1,16182e+001	-8,96781e-002
410	 5,1125000000e+001	-1,15381e+001	-8,81337e-002
411	 5,1250000000e+001	-1,14426e+001	-8,42553e-002
412	 5,1375000000e+001	-1,13862e+001	-7,90431e-002
413	 5,1500000000e+001	-1,12991e+001	-8,94196e-002
414	 5,1625000000e+001	-1,12174e+001	-8,71793e-002
415	 5,1750000000e+001	-1,11640e+001	-9,66076e-002
416	 5,1875000000e+001	-1,10672e+001	-1,17291e-001
417	 5,2000000000e+001	-1,10026e+001	-1,16602e-001
418	 5,2125000000e+001	-1,09528e+001	-1,11260e-001
419	 5,2250000000e+001	-1,08459e+001	-1,01555e-001
420	 5,2375000000e+001	-1,07745e+001	-1,15886e-001
421	 5,2500000000e+001	-1,06907e+001	-1,26926e-001
422	 5,2625000000e+001	-1,06258e+001	-1,47353e-001
423	 5,2750000000e+001	-1,05552e+001	-1,63432e-001
424	 5,2875000000e+001	-1,04278e+001	-1,59236e-001
425	 5,3000000000e+001	-1,03542e+001	-1,37134e-001
426	 5,3125000000e+001	-1,02748e+001	-1,87767e-001
427	 5,3250000000e+001	-1,01732e+001	-1,56145e-001
428	 5,3375000000e+001	-1,00892e+001	-1,63703e-001
429	 5,3500000000e+001	-1,00230e+001	-1,73256e-001
430	 5,3625000000e+001	-9,90581e+000	-1,89485e-001
431	 5,3750000000e+001	-9,84849e+000	-1,67090e-001
432	 5,3875000000e+001	-9,71078e+000	-1,55219e-001
433	 5,4000000000e+001	-9,62176e+000	-1,69780e-001
434	 5,4125000000e+001	-9,52763e+000	-1,75875e-001
435	 5,4250000000e+001	-9,44423e+000	-1,72453e-001
436	 5,4375000000e+001	-9,32917e+000	-1,64479e-001
437	 5,4500000000e+001	-9,21539e+000	-1,91370e-001
438	 5,4625000000e+001	-9,10480e+000	-2,01616e-001
439	 5,4750000000e+001	-8,99711e+000	-1,91350e-001
440	 5,4875000000e+001	-8,91492e+000	-1,92649e-001
441	 5,5000000000e+001	-8,78196e+000	-1,67500e-001
442	 5,5125000000e+001	-8,63996e+000	-2,26361e-001
443	 5,5250000000e+001	-8,54101e+000	-2,16722e-001
444	 5,5375000000e+001	-8,46936e+000	-2,13537e-001
445	 5,5500000000e+001	-8,30299e+000	-2,40648e-001
446	 5,5625000000e+001	-8,23849e+000	-2,35579e-001
447	 5,5750000000e+001	-8,11192e+000	-2,36375e-001
448	 5,5875000000e+001	-7,93046e+000	-2,44604e-001
449	 5,6000000000e+001	-7,77919e+000	-2,59796e-001
450	 5,6125000000e+001	-7,65035e+000	-2,57370e-001
451	 5,6250000000e+001	-7,55385e+000	-2,60723e-001
452	 5,6375000000e+001	-7,45069e+000	-2,61464e-001
453	 5,6500000000e+001	-7,29450e+000	-2,68628e-001
454	 5,6625000000e+001	-7,06229e+000	-3,12332e-001
455	 5,6750000000e+001	-7,01398e+000	-3,02651e-001
456	 5,6875000000e+001	-6,85418e+000	-2,99832e-001
457	 5,7000000000e+001	-6,73288e+000	-2,95405e-001
458	 5,7125000000e+001	-6,52121e+000	-3,08140e-001
459	 5,7250000000e+001	-6,43075e+000	-3,33044e-001
460	 5,7375000000e+001	-6,27339e+000	-3,11315e-001
461	 5,7500000000e+001	-6,03886e+000	-3,23887e-001
462	 5,7625000000e+001	-5,91280e+000	-3,55869e-001
463	 5,7750000000e+001	-5,79586e+000	-3,68364e-001
464	 5,7875000000e+001	-5,63789e+000	-3,82259e-001
465	 5,8000000000e+001	-5,38215e+000	-3,95344e-001
466	 5,8125000000e+001	-5,24642e+000	-3,98782e-001
467	 5,8250000000e+001	-5,09063e+000	-4,06580e-001
468	 5,8375000000e+001	-4,90791e+000	-4,15532e-001
469	 5,8500000000e+001	-4,68132e+000	-4,25159e-001
470	 5,8625000000e+001	-4,46312e+000	-4,80882e-001
471	 5,8750000000e+001	-4,33046e+000	-5,02022e-001
472	 5,8875000000e+001	-4,10123e+000	-5,13958e-001
473	 5,9000000000e+001	-3,93618e+000	-5,18112e-001
474	 5,9125000000e+001	-3,75767e+000	-4,79891e-001
475	 5,9250000000e+001	-3,49870e+000	-5,65435e-001
476	 5,9375000000e+001	-3,20787e+000	-5,57818e-001
477	 5,9500000000e+001	-3,09074e+000	-5,43294e-001
478	 5,9625000000e+001	-2,91008e+000	-5,27964e-001
479	 5,9750000000e+001	-2,62302e+000	-6,29916e-001
480	 5,9875000000e+001	-2,36471e+000	-6,47832e-001
481	 6,0000000000e+001	-2,15909e+000	-6,65585e-001
482	 6,0125000000e+001	-1,93199e+000	-6,35403e-001
483	 6,0250000000e+001	-1,56599e+000	-6,79904e-001
484	 6,0375000000e+001	-1,34274e+000	-7,60739e-001
485	 6,0500000000e+001	-1,13094e+000	-7,20302e-001
486	 6,0625000000e+001	-7,53157e-001	-8,23032e-001
487	 6,0750000000e+001	-6,05020e-001	-7,74833e-001
488	 6,0875000000e+001	-2,01351e-001	-8,11914e-001
489	 6,1000000000e+001	 3,96794e-002	-8,67157e-001
490	 6,1125000000e+001	 2,32955e-001	-8,88557e-001
491	 6,1250000000e+001	 7,02271e-001	-9,35528e-001
492	 6,1375000000e+001	 9,94353e-001	-9,15654e-001
493	 6,1500000000e+001	 1,27258e+000	-9,44154e-001
494	 6,1625000000e+001	 1,67310e+000	-1,02578e+000
495	 6,1750000000e+001	 1,89707e+000	-1,04284e+000
496	 6,1875000000e+001	 2,28414e+000	-1,07480e+000
497	 6,2000000000e+001	 2,70329e+000	-1,12392e+000
498	 6,2125000000e+001	 3,00864e+000	-1,16000e+000
499	 6,2250000000e+001	 3,57519e+000	-1,14289e+000
500	 6,2375000000e+001	 3,80938e+000	-1,24568e+000
501	 6,2500000000e+001	 4,26386e+000	-1,35171e+000
502	 6,2625000000e+001	 4,69943e+000	-1,35497e+000
503	 6,2750000000e+001	 5,08054e+000	-1,31918e+000
504	 6,2875000000e+001	 5,67412e+000	-1,37028e+000
505	 6,3000000000e+001	 6,26014e+000	-1,46253e+000
506	 6,3125000000e+001	 6,46633e+000	-1,47729e+000
507	 6,3250000000e+001	 7,03121e+000	-1,56982e+000
508	 6,3375000000e+001	 7,57221e+000	-1,67701e+000
509	 6,3500000000e+001	 8,16987e+000	-1,69673e+000
510	 6,3625000000e+001	 8,50836e+000	-1,69971e+000
511	 6,3750000000e+001	 9,41722e+000	-1,86064e+000
512	 6,3875000000e+001	 9,81611e+000	-1,81810e+000
513	 6,4000000000e+001	 1,04897e+001	-1,97342e+000
514	 6,4125000000e+001	 1,12093e+001	-2,05884e+000
515	 6,4250000000e+001	 1,16683e+001	-2,15433e+000
516	 6,4375000000e+001	 1,27212e+001	-2,22816e+000
517	 6,4500000000e+001	 1,34555e+001	-2,33131e+000
518	 6,4625000000e+001	 1,40095e+001	-2,47428e+000
519	 6,4750000000e+001	 1,46988e+001	-2,53857e+000
520	 6,4875000000e+001	 1,55897e+001	-2,75142e+000
521	 6,5000000000e+001	 1,64678e+001	-2,93936e+000
522	 6,5125000000e+001	 1,71356e+001	-2,93251e+000
523	 6,5250000000e+001	 1,84457e+001	-3,16445e+000
524	 6,5375000000e+001	 1,91131e+001	-3,23777e+000
525	 6,5500000000e+001	 2,05600e+001	-3,37402e+000
526	 6,5625000000e+001	 2,13903e+001	-3,39475e+000
527	 6,5750000000e+001	 2,26131e+001	-3,52233e+000
528	 6,5875000000e+001	 2,45901e+001	-4,05000e+000
529	 6,6000000000e+001	 2,52688e+001	-4,13770e+000
530	 6,6125000000e+001	 2,72558e+001	-4,24029e+000
531	 6,6250000000e+001	 2,85580e+001	-5,36879e+000
532	 6,6375000000e+001	 2,96231e+001	-5,29238e+000
533	 6,6500000000e+001	 3,26167e+001	-4,91493e+000
534	 6,6625000000e+001	 3,37957e+001	-5,64180e+000
535	 6,6750000000e+001	 3,46608e+001	-6,17179e+000
536	 6,6875000000e+001	 3,63148e+001	-7,09998e+000
537	 6,7000000000e+001	 3,91809e+001	-6,50200e+000
538	 6,7125000000e+001	 4,25270e+001	-7,38238e+000
539	 6,7250000000e+001	 4,44663e+001	-7,73863e+000
540	 6,7375000000e+001	 4,80632e+001	-8,43612e+000
541	 6,7500000000e+001	 4,99385e+001	-8,80292e+000
542	 6,7625000000e+001	 5,41679e+001	-9,86175e+000
543	 6,7750000000e+001	 5,61235e+001	-1,16313e+001
544	 6,7875000000e+001	 6,27174e+001	-1,39046e+001
545	 6,8000000000e+001	 6,56991e+001	-1,32631e+001
546	 6,8125000000e+001	 6,72113e+001	-1,33366e+001
547	 6,8250000000e+001	 7,85191e+001	-1,85926e+001
548	 6,8375000000e+001	 8,31541e+001	-2,00240e+001
549	 6,8500000000e+001	 8,97402e+001	-2,22096e+001
550	 6,8625000000e+001	 9,75867e+001	-2,37699e+001
551	 6,8750000000e+001	 1,04897e+002	-2,92472e+001
552	 6,8875000000e+001	 1,10633e+002	-3,56440e+001
553	 6,9000000000e+001	 1,31339e+002	-4,55003e+001
554	 6,9125000000e+001	 1,43494e+002	-4,64531e+001
555	 6,9250000000e+001	 1,52134e+002	-5,26972e+001
556	 6,9375000000e+001	 1,87122e+002	-7,14444e+001
557	 6,9500000000e+001	 2,09656e+002	-9,87685e+001
558	 6,9625000000e+001	 2,27905e+002	-1,22746e+002
559	 6,9750000000e+001	 2,61385e+002	-1,66000e+002
560	 6,9875000000e+001	 2,78465e+002	-2,30344e+002
561	 7,0000000000e+001	 2,41192e+002	-4,11125e+002
562	 7,0125000000e+001	 2,01590e+002	-5,35121e+002
563	 7,0250000000e+001	-4,55756e+001	-6,14222e+002
564	 7,0375000000e+001	-2,01359e+002	-5,94505e+002
565	 7,0500000000e+001	-3,35113e+002	-3,76931e+002
566	 7,0625000000e+001	-3,58305e+002	-2,48126e+002
567	 7,0750000000e+001	-3,26627e+002	-1,75979e+002
568	 7,0875000000e+001	-2,93408e+002	-1,13016e+002
569	 7,1000000000e+001	-2,67363e+002	-9,89673e+001
570	 7,1125000000e+001	-2,41730e+002	-6,59970e+001
571	 7,1250000000e+001	-2,01118e+002	-4,44828e+001
572	 7,1375000000e+001	-1,93493e+002	-3,77617e+001
573	 7,1500000000e+001	-1,79568e+002	-3,21630e+001
574	 7,1625000000e+001	-1,69256e+002	-2,71946e+001
575	 7,1750000000e+001	-1,50553e+002	-2,24719e+001
576	 7,1875000000e+001	-1,39470e+002	-1,98856e+001
577	 7,2000000000e+001	-1,33143e+002	-1,69243e+001
578	 7,2125000000e+001	-1,27716e+002	-1,56251e+001
579	 7,2250000000e+001	-1,22729e+002	-1,38150e+001
580	 7,2375000000e+001	-1,14872e+002	-1,28767e+001
581	 7,2500000000e+001	-1,08019e+002	-1,03979e+001
582	 7,2625000000e+001	-1,05660e+002	-7,82317e+000
583	 7,2750000000e+001	-1,01738e+002	-7,30379e+000
584	 7,2875000000e+001	-9,71512e+001	-6,57061e+000
585	 7,3000000000e+001	-9,55723e+001	-6,47197e+000
586	 7,3125000000e+001	-9,02540e+001	-6,01544e+000
587	 7,3250000000e+001	-8,94827e+001	-5,71940e+000
588	 7,3375000000e+001	-8,59477e+001	-4,59631e+000
589	 7,3500000000e+001	-8,34511e+001	-3,87258e+000
590	 7,3625000000e+001	-8,08016e+001	-3,44727e+000
591	 7,3750000000e+001	-7,90424e+001	-3,40927e+000
592	 7,3875000000e+001	-7,74710e+001	-3,33866e+000
593	 7,4000000000e+001	-7,48749e+001	-3,10370e+000
594	 7,4125000000e+001	-7,31686e+001	-2,43620e+000
595	 7,4250000000e+001	-7,19995e+001	-2,44466e+000
596	 7,4375000000e+001	-6,97499e+001	-2,49500e+000
597	 7,4500000000e+001	-6,92659e+001	-2,37348e+000
598	 7,4625000000e+001	-6,79467e+001	-1,96672e+000
599	 7,4750000000e+001	-6,65215e+001	-1,41909e+000
600	 7,4875000000e+001	-6,52903e+001	-1,48919e+000
601	 7,5000000000e+001	-6,37035e+001	-1,93833e+000
602	 7,5125000000e+001	-6,24657e+001	-1,92214e+000
603	 7,5250000000e+001	-6,19786e+001	-1,80999e+000
604	 7,5375000000e+001	-6,08332e+001	-1,57548e+000
605	 7,5500000000e+001	-5,99782e+001	-1,26956e+000
606	 7,5625000000e+001	-5,88617e+001	-1,01965e+000
607	 7,5750000000e+001	-5,81391e+001	-8,23736e-001
608	 7,5875000000e+001	-5,74744e+001	-8,06534e-001
609	 7,6000000000e+001	-5,67079e+001	-8,96410e-001
610	 7,6125000000e+001	-5,61871e+001	-8,35001e-001
611	 7,6250000000e+001	-5,48309e+001	-7,02824e-001
612	 7,6375000000e+001	-5,42901e+001	-7,32929e-001
613	 7,6500000000e+001	-5,37697e+001	-5,32533e-001
614	 7,6625000000e+001	-5,33592e+001	-4,65092e-001
615	 7,6750000000e+001	-5,28419e+001	-3,37244e-001
616	 7,6875000000e+001	-5,20004e+001	-4,76660e-001
617	 7,7000000000e+001	-5,15838e+001	-3,39543e-001
618	 7,7125000000e+001	-5,05314e+001	-4,97650e-001
619	 7,7250000000e+001	-5,01922e+001	-4,65040e-001
620	 7,7375000000e+001	-4,97951e+001	-4,65546e-001
621	 7,7500000000e+001	-4,93038e+001	-4,63282e-001
622	 7,7625000000e+001	-4,91508e+001	-1,13478e-001
623	 7,7750000000e+001	-4,82467e+001	-4,37160e-001
624	 7,7875000000e+001	-4,80120e+001	-5,82873e-001
625	 7,8000000000e+001	-4,72852e+001	-4,52249e-001
626	 7,8125000000e+001	-4,68857e+001	-3,04784e-001
627	 7,8250000000e+001	-4,67346e+001	-2,03545e-001
628	 7,8375000000e+001	-4,63903e+001	-2,42158e-001
629	 7,8500000000e+001	-4,58253e+001	-9,99660e-002
630	 7,8625000000e+001	-4,55392e+001	-1,48384e-001
631	 7,8750000000e+001	-4,53077e+001	-1,67417e-001
632	 7,8875000000e+001	-4,48479e+001	-2,61001e-002
633	 7,9000000000e+001	-4,46322e+001	-1,74273e-001
634	 7,9125000000e+001	-4,39951e+001	-1,64812e-001
635	 7,9250000000e+001	-4,38487e+001	-1,94299e-001
636	 7,9375000000e+001	-4,36521e+001	-2,23610e-001
637	 7,9500000000e+001	-4,31784e+001	-1,59730e-001
638	 7,9625000000e+001	-4,28826e+001	-1,33219e-001
639	 7,9750000000e+001	-4,27008e+001	-8,06257e-002
640	 7,9875000000e+001	-4,23937e+001	-6,00560e-002
641	 8,0000000000e+001	-4,21548e+001	 8,81139e-003
642	 8,0125000000e+001	-4,19171e+001	 2,84963e-002
643	 8,0250000000e+001	-4,17084e+001	 9,11322e-003
644	 8,0375000000e+001	-4,13711e+001	 1,30520e-001
645	 8,0500000000e+001	-4,11501e+001	 9,38509e-002
646	 8,0625000000e+001	-4,08773e+001	 3,53411e-002
647	 8,0750000000e+001	-4,06787e+001	 8,03714e-002
648	 8,0875000000e+001	-4,04707e+001	 5,81078e-002
649	 8,1000000000e+001	-4,03341e+001	 7,08687e-002
650	 8,1125000000e+001	-3,99856e+001	 7,18494e-002
651	 8,1250000000e+001	-3,97327e+001	-7,05672e-003
652	 8,1375000000e+001	-3,95421e+001	 1,17837e-001
653	 8,1500000000e+001	-3,93107e+001	 1,28961e-001
654	 8,1625000000e+001	-3,92390e+001	 1,17306e-001
655	 8,1750000000e+001	-3,89231e+001	 1,23047e-001
656	 8,1875000000e+001	-3,87931e+001	 1,40427e-001
657	 8,2000000000e+001	-3,85712e+001	 1,51932e-001
658	 8,2125000000e+001	-3,84553e+001	 1,11622e-001
659	 8,2250000000e+001	-3,81925e+001	 1,38878e-001
660	 8,2375000000e+001	-3,80887e+001	 1,51574e-001
661	 8,2500000000e+001	-3,79372e+001	 1,28597e-001
662	 8,2625000000e+001	-3,77408e+001	 8,99300e-002
663	 8,2750000000e+001	-3,75191e+001	 1,08177e-001
664	 8,2875000000e+001	-3,74280e+001	 1,54683e-001
665	 8,3000000000e+001	-3,72938e+001	 1,51960e-001
666	 8,3125000000e+001	-3,71058e+001	 1,30592e-001
667	 8,3250000000e+001	-3,69435e+001	 1,49941e-001
668	 8,3375000000e+001	-3,67721e+001	 2,02891e-001
669	 8,3500000000e+001	-3,66116e+001	 1,86764e-001
670	 8,3625000000e+001	-3,65791e+001	 1,29606e-001
671	 8,3750000000e+001	-3,64364e+001	 1,42436e-001
672	 8,3875000000e+001	-3,62180e+001	 1,44065e-001
673	 8,4000000000e+001	-3,61327e+001	 1,83092e-001
674	 8,4125000000e+001	-3,59847e+001	 1,44048e-001
675	 8,4250000000e+001	-3,58476e+001	 2,23956e-001
676	 8,4375000000e+001	-3,57586e+001	 2,36549e-001
677	 8,4500000000e+001	-3,54947e+001	 2,24830e-001
678	 8,4625000000e+001	-3,53684e+001	 2,09870e-001
679	 8,4750000000e+001	-3,52584e+001	 2,14561e-001
680	 8,4875000000e+001	-3,51807e+001	 2,34608e-001
681	 8,5000000000e+001	-3,50590e+001	 2,45546e-001
682	 8,5125000000e+001	-3,49472e+001	 2,34738e-001
683	 8,5250000000e+001	-3,48312e+001	 2,24491e-001
684	 8,5375000000e+001	-3,46663e+001	 2,09593e-001
685	 8,5500000000e+001	-3,46087e+001	 2,29550e-001
686	 8,5625000000e+001	-3,44554e+001	 3,09142e-001
687	 8,5750000000e+001	-3,43560e+001	 2,62133e-001
688	 8,5875000000e+001	-3,43035e+001	 2,41355e-001
689	 8,6000000000e+001	-3,41542e+001	 2,33625e-001
690	 8,6125000000e+001	-3,40958e+001	 2,06610e-001
691	 8,6250000000e+001	-3,40119e+001	 2,14914e-001
692	 8,6375000000e+001	-3,38410e+001	 2,36820e-001
693	 8,6500000000e+001	-3,37436e+001	 2,47318e-001
694	 8,6625000000e+001	-3,36441e+001	 2,31618e-001
695	 8,6750000000e+001	-3,36172e+001	 2,13148e-001
696	 8,6875000000e+001	-3,35153e+001	 2,22548e-001
697	 8,7000000000e+001	-3,33896e+001	 2,75335e-001
698	 8,7125000000e+001	-3,33212e+001	 2,78662e-001
699	 8,7250000000e+001	-3,31876e+001	 2,79039e-001
700	 8,7375000000e+001	-3,31257e+001	 2,69990e-001
701	 8,7500000000e+001	-3,29880e+001	 2,53043e-001
702	 8,7625000000e+001	-3,29087e+001	 2,42342e-001
703	 8,7750000000e+001	-3,28619e+001	 2,27609e-001
704	 8,7875000000e+001	-3,27240e+001	 2,78748e-001
705	 8,8000000000e+001	-3,26820e+001	 2,59254e-001
706	 8,8125000000e+001	-3,25987e+001	 2,16962e-001
707	 8,8250000000e+001	-3,25213e+001	 2,58117e-001
708	 8,8375000000e+001	-3,24498e+001	 2,64585e-001
709	 8,8500000000e+001	-3,23255e+001	 2,67744e-001
710	 8,8625000000e+001	-3,22740e+001	 2,56719e-001
711	 8,8750000000e+001	-3,21846e+001	 2,45959e-001
712	 8,8875000000e+001	-3,21465e+001	 2,77361e-001
713	 8,9000000000e+001	-3,20535e+001	 2,91731e-001
714	 8,9125000000e+001	-3,19435e+001	 2,76870e-001
715	 8,9250000000e+001	-3,18902e+001	 2,72843e-001
716	 8,9375000000e+001	-3,18038e+001	 2,60069e-001
717	 8,9500000000e+001	-3,17474e+001	 2,52723e-001
718	 8,9625000000e+001	-3,17172e+001	 2,70348e-001
719	 8,9750000000e+001	-3,16602e+001	 2,65296e-001
720	 8,9875000000e+001	-3,15598e+001	 2,62698e-001
721	 9,0000000000e+001	-3,14662e+001	 2,82909e-001
722	 9,0125000000e+001	-3,13918e+001	 2,97625e-001
723	 9,0250000000e+001	-3,13557e+001	 2,54428e-001
724	 9,0375000000e+001	-3,13228e+001	 2,42589e-001
725	 9,0500000000e+001	-3,12143e+001	 2,66916e-001
726	 9,0625000000e+001	-3,11542e+001	 2,92011e-001
727	 9,0750000000e+001	-3,11178e+001	 2,60521e-001
728	 9,0875000000e+001	-3,10474e+001	 2,89542e-001
729	 9,1000000000e+001	-3,09783e+001	 2,98261e-001
730	 9,1125000000e+001	-3,09351e+001	 2,89822e-001
731	 9,1250000000e+001	-3,08590e+001	 2,70160e-001
732	 9,1375000000e+001	-3,08132e+001	 2,76507e-001
733	 9,1500000000e+001	-3,07285e+001	 2,91995e-001
734	 9,1625000000e+001	-3,06794e+001	 2,93199e-001
735	 9,1750000000e+001	-3,06381e+001	 3,22811e-001
736	 9,1875000000e+001	-3,05549e+001	 3,13308e-001
737	 9,2000000000e+001	-3,05168e+001	 3,20389e-001
738	 9,2125000000e+001	-3,04436e+001	 3,05275e-001
739	 9,2250000000e+001	-3,03687e+001	 2,94688e-001
740	 9,2375000000e+001	-3,03411e+001	 2,89527e-001
741	 9,2500000000e+001	-3,02424e+001	 2,92617e-001
742	 9,2625000000e+001	-3,01855e+001	 3,07792e-001
743	 9,2750000000e+001	-3,01590e+001	 3,05298e-001
744	 9,2875000000e+001	-3,01148e+001	 2,90966e-001
745	 9,3000000000e+001	-3,00381e+001	 2,87233e-001
746	 9,3125000000e+001	-3,00281e+001	 2,86886e-001
747	 9,3250000000e+001	-2,99748e+001	 2,95814e-001
748	 9,3375000000e+001	-2,99249e+001	 2,96564e-001
749	 9,3500000000e+001	-2,98523e+001	 2,93449e-001
750	 9,3625000000e+001	-2,98078e+001	 2,88280e-001
751	 9,3750000000e+001	-2,97438e+001	 2,96416e-001
752	 9,3875000000e+001	-2,96884e+001	 3,00155e-001
753	 9,4000000000e+001	-2,96575e+001	 3,12118e-001
754	 9,4125000000e+001	-2,95603e+001	 3,19589e-001
755	 9,4250000000e+001	-2,95403e+001	 3,27897e-001
756	 9,4375000000e+001	-2,95431e+001	 2,94745e-001
757	 9,4500000000e+001	-2,94833e+001	 3,08335e-001
758	 9,4625000000e+001	-2,94109e+001	 3,04119e-001
759	 9,4750000000e+001	-2,93816e+001	 3,06458e-001
760	 9,4875000000e+001	-2,93675e+001	 3,04394e-001
761	 9,5000000000e+001	-2,92669e+001	 3,19331e-001
762	 9,5125000000e+001	-2,92145e+001	 3,14571e-001
763	 9,5250000000e+001	-2,91893e+001	 3,27987e-001
764	 9,5375000000e+001	-2,91537e+001	 3,17857e-001
765	 9,5500000000e+001	-2,91027e+001	 2,84948e-001
766	 9,5625000000e+001	-2,90274e+001	 2,95632e-001
767	 9,5750000000e+001	-2,90011e+001	 3,33106e-001
768	 9,5875000000e+001	-2,89768e+001	 3,18297e-001
769	 9,6000000000e+001	-2,89262e+001	 3,11855e-001
770	 9,6125000000e+001	-2,88611e+001	 3,42430e-001
771	 9,6250000000e+001	-2,88486e+001	 3,27585e-001
772	 9,6375000000e+001	-2,87872e+001	 3,32477e-001
773	 9,6500000000e+001	-2,87366e+001	 3,39080e-001
774	 9,6625000000e+001	-2,86921e+001	 3,25816e-001
775	 9,6750000000e+001	-2,86477e+001	 3,31170e-001
776	 9,6875000000e+001	-2,86290e+001	 3,37115e-001
777	 9,7000000000e+001	-2,85868e+001	 3,30492e-001
778	 9,7125000000e+001	-2,85353e+001	 3,42831e-001
779	 9,7250000000e+001	-2,85104e+001	 3,61378e-001
780	 9,7375000000e+001	-2,84468e+001	 3,39691e-001
781	 9,7500000000e+001	-2,84033e+001	 3,31929e-001
782	 9,7625000000e+001	-2,83862e+001	 3,40729e-001
783	 9,7750000000e+001	-2,83371e+001	 3,44484e-001
784	 9,7875000000e+001	-2,82906e+001	 3,62360e-001
785	 9,8000000000e+001	-2,82635e+001	 3,53016e-001
786	 9,8125000000e+001	-2,82360e+001	 3,47939e-001
787	 9,8250000000e+001	-2,81728e+001	 3,40199e-001
788	 9,8375000000e+001	-2,81122e+001	 3,64760e-001
789	 9,8500000000e+001	-2,80792e+001	 3,64030e-001
790	 9,8625000000e+001	-2,80419e+001	 3,68152e-001
791	 9,8750000000e+001	-2,80123e+001	 3,63182e-001
792	 9,8875000000e+001	-2,79679e+001	 3,62270e-001
793	 9,9000000000e+001	-2,79331e+001	 3,55301e-001
794	 9,9125000000e+001	-2,78816e+001	 3,33446e-001
795	 9,9250000000e+001	-2,78417e+001	 2,95315e-001
796	 9,9375000000e+001	-2,77850e+001	 3,34404e-001
797	 9,9500000000e+001	-2,77654e+001	 3,35326e-001
798	 9,9625000000e+001	-2,77366e+001	 3,50025e-001
799	 9,9750000000e+001	-2,76970e+001	 3,68701e-001
800	 9,9875000000e+001	-2,76289e+001	 3,67639e-001
801	 1,0000000000e+002	-2,75936e+001	 3,53818e-001
TagsBegin:	 	 	 
OverLoad:	 	False	 
AverageNumber: []	 	 6,00000e+000	 
OverLoadRatio: []	 	 1,19209e-007	 
TagsEnd:	 	 	 
TagScalesBegin:	 	 	 
TagScalesEnd:	 	 	 
