Header Size:	 79	 	 
Pulse Version:	 80	 	 
Running Pulse Version:	PULSE LabShop  Version 18.1.0.28 - 2013-11-23	 	 
Decimal Symbol:	,	 	 
Date Format:	dd.MM.yyyy	 	 
Time Format:	HH:mm:ss:mmm	 	 
Data Type:	Complex	 	 
Slice:	False	 	 
Z-Axis type:	Linear	 	 
Z-Axis size:	1	 	 
Z-Axis unit:	 	 	 
Z-Axis first value:	 0,0000000000e+000	 	 
Z-Axis delta:	 1,0000000000e+000	 	 
X-Axis type:	Linear	 	 
X-Axis size:	801	 	 
X-Axis unit:	Hz	 	 
X-Axis first value:	 0,0000000000e+000	 	 
X-Axis delta:	 1,2500000000e-001	 	 
	 	 	 
AmplitudeUnit:	(m/s²)/N	 	 
Analyzer:	FFT_Spectrum_Averaging	 	 
AnalyzerName:	STS FFT Analyzer	 	 
	 	 	 
	 	 	 
Bipolar:	True	 	 
CenterFrequency:	 5,0000000000e+001	 	 
	 	 	 
	 	 	 
	 	 	 
	 	 	 
	 	 	 
	 	 	 
	 	 	 
	 	 	 
Domain:	1	 	 
Function:	Frequency Response	 	 
	 	 	 
	 	 	 
	 	 	 
	 	 	 
MultiBufferName:	Input	 	 
NBW:	 1,5000000000e+000	 	 
	 	 	 
OverlapFailed:	False	 	 
Overrun:	False	 	 
Power:	False	 	 
	 	 	 
Ratio:	True	 	 
RecordLength:	 8,0000000000e+000	 	 
ReducedSize:	True	 	 
Ref_Signal:	ForceTransducer Ref.	 	 
	 	 	 
	 	 	 
RefSignalUnit:	N	 	 
	 	 	 
	 	 	 
Signal:	4507 B 1-x	 	 
	 	 	 
SignalUnit:	m/s²	 	 
	 	 	 
	 	 	 
	 	 	 
Title:	Frequency Response H1(4507 B 1-x,ForceTransducer Ref.) - STS Measurement 1	 	 
Title1:	STS : STS Measurement 1 : Input : STS FFT Analyzer	 	 
	 	 	 
	 	 	 
	 	 	 
ZoomOn:	False	 	 
	 	 	 
TemplateName:	STS	 	 
MeasurementName:	STS Measurement 1	 	 
MeasurementSlice:	False	 	 
	 	 	 
	 	 	 
	 	 	 
EnvelopeOn:	False	 	 
	 	 	 
	 	 	 
	 	 	 
Z-index:	 	1	 
Date:	 	01.03.2016	 
Time:	 	17:47:28:166	 
Relative time:	 	 0,00000e+000	 
Z-axis:	 	 0,0000000000e+000	 
1	 0,0000000000e+000	 1,09641e+001	-0,00000e+000
2	 1,2500000000e-001	 2,44149e+001	 3,26535e+001
3	 2,5000000000e-001	-9,66249e-001	 1,40688e+000
4	 3,7500000000e-001	-1,52755e+000	 3,48533e-002
5	 5,0000000000e-001	 1,08538e+000	 6,74722e-001
6	 6,2500000000e-001	 2,42953e-001	-4,28793e-002
7	 7,5000000000e-001	-3,37488e-001	 8,87045e-001
8	 8,7500000000e-001	-1,50218e-001	 3,15401e-001
9	 1,0000000000e+000	-2,19302e-001	-1,17224e-001
10	 1,1250000000e+000	 1,81287e-001	-9,35805e-002
11	 1,2500000000e+000	 3,82524e-001	-1,45395e-001
12	 1,3750000000e+000	 3,79424e-001	-1,97315e-001
13	 1,5000000000e+000	 5,13789e-001	-7,93149e-002
14	 1,6250000000e+000	 7,32801e-001	 8,28515e-002
15	 1,7500000000e+000	 5,27394e-001	-8,44728e-002
16	 1,8750000000e+000	 5,99350e-001	-1,78843e-001
17	 2,0000000000e+000	 6,89098e-001	-1,73289e-001
18	 2,1250000000e+000	 8,11990e-001	-1,85524e-001
19	 2,2500000000e+000	 9,78880e-001	-2,43033e-001
20	 2,3750000000e+000	 9,21807e-001	-3,23325e-001
21	 2,5000000000e+000	 1,06490e+000	-3,80045e-001
22	 2,6250000000e+000	 1,20474e+000	-3,48454e-001
23	 2,7500000000e+000	 1,31920e+000	-1,88704e-001
24	 2,8750000000e+000	 1,40716e+000	-2,62706e-001
25	 3,0000000000e+000	 1,46461e+000	-3,58926e-001
26	 3,1250000000e+000	 1,62201e+000	-4,10028e-001
27	 3,2500000000e+000	 1,83454e+000	-4,60267e-001
28	 3,3750000000e+000	 1,93857e+000	-4,37674e-001
29	 3,5000000000e+000	 1,98970e+000	-4,34146e-001
30	 3,6250000000e+000	 2,37094e+000	-4,41846e-001
31	 3,7500000000e+000	 2,45070e+000	-5,12379e-001
32	 3,8750000000e+000	 2,57381e+000	-5,49193e-001
33	 4,0000000000e+000	 2,92805e+000	-5,19047e-001
34	 4,1250000000e+000	 3,07237e+000	-5,63643e-001
35	 4,2500000000e+000	 3,29677e+000	-6,26856e-001
36	 4,3750000000e+000	 3,45818e+000	-6,67585e-001
37	 4,5000000000e+000	 3,73082e+000	-6,14793e-001
38	 4,6250000000e+000	 4,15162e+000	-7,38866e-001
39	 4,7500000000e+000	 4,25590e+000	-7,49871e-001
40	 4,8750000000e+000	 4,46405e+000	-8,10448e-001
41	 5,0000000000e+000	 4,80107e+000	-8,19808e-001
42	 5,1250000000e+000	 4,96229e+000	-8,61185e-001
43	 5,2500000000e+000	 5,39376e+000	-9,68455e-001
44	 5,3750000000e+000	 5,84676e+000	-1,08692e+000
45	 5,5000000000e+000	 6,11582e+000	-1,08466e+000
46	 5,6250000000e+000	 6,37608e+000	-1,13239e+000
47	 5,7500000000e+000	 6,84403e+000	-1,03878e+000
48	 5,8750000000e+000	 7,37644e+000	-1,06621e+000
49	 6,0000000000e+000	 7,70296e+000	-1,14932e+000
50	 6,1250000000e+000	 8,14649e+000	-1,18541e+000
51	 6,2500000000e+000	 8,49024e+000	-1,22976e+000
52	 6,3750000000e+000	 9,14888e+000	-1,43968e+000
53	 6,5000000000e+000	 9,65880e+000	-1,53825e+000
54	 6,6250000000e+000	 1,01316e+001	-1,34805e+000
55	 6,7500000000e+000	 1,08311e+001	-1,11698e+000
56	 6,8750000000e+000	 1,16024e+001	-1,46404e+000
57	 7,0000000000e+000	 1,21563e+001	-1,45576e+000
58	 7,1250000000e+000	 1,28632e+001	-1,63412e+000
59	 7,2500000000e+000	 1,38615e+001	-1,82442e+000
60	 7,3750000000e+000	 1,45167e+001	-2,12395e+000
61	 7,5000000000e+000	 1,55997e+001	-2,37097e+000
62	 7,6250000000e+000	 1,68126e+001	-2,24534e+000
63	 7,7500000000e+000	 1,73628e+001	-2,18037e+000
64	 7,8750000000e+000	 1,82515e+001	-2,39539e+000
65	 8,0000000000e+000	 1,96425e+001	-2,32832e+000
66	 8,1250000000e+000	 2,20046e+001	-2,64231e+000
67	 8,2500000000e+000	 2,24425e+001	-2,88215e+000
68	 8,3750000000e+000	 2,37282e+001	-3,25036e+000
69	 8,5000000000e+000	 2,57070e+001	-3,34508e+000
70	 8,6250000000e+000	 2,77262e+001	-3,77313e+000
71	 8,7500000000e+000	 3,13109e+001	-3,09589e+000
72	 8,8750000000e+000	 3,29041e+001	-3,32800e+000
73	 9,0000000000e+000	 3,43320e+001	-3,86650e+000
74	 9,1250000000e+000	 4,02961e+001	-4,08206e+000
75	 9,2500000000e+000	 4,08255e+001	-3,26767e+000
76	 9,3750000000e+000	 4,62372e+001	-2,48800e+000
77	 9,5000000000e+000	 5,21851e+001	-2,53077e+000
78	 9,6250000000e+000	 5,59427e+001	-4,69409e+000
79	 9,7500000000e+000	 5,83740e+001	-6,26933e+000
80	 9,8750000000e+000	 7,21220e+001	-9,26888e+000
81	 1,0000000000e+001	 7,85236e+001	-8,81448e+000
82	 1,0125000000e+001	 8,45978e+001	-7,36645e+000
83	 1,0250000000e+001	 1,10265e+002	-3,95899e+000
84	 1,0375000000e+001	 1,24683e+002	 7,60238e+000
85	 1,0500000000e+001	 1,48351e+002	 2,99920e+001
86	 1,0625000000e+001	 1,45148e+002	 6,83148e+001
87	 1,0750000000e+001	 1,18446e+002	 1,14783e+002
88	 1,0875000000e+001	 1,43942e+001	 2,48533e+002
89	 1,1000000000e+001	-1,17474e+002	 2,18452e+002
90	 1,1125000000e+001	-1,30967e+002	 1,36845e+002
91	 1,1250000000e+001	-1,25545e+002	 7,23450e+001
92	 1,1375000000e+001	-1,21237e+002	 3,04924e+001
93	 1,1500000000e+001	-1,13874e+002	 2,27658e+001
94	 1,1625000000e+001	-1,01013e+002	 7,40079e+000
95	 1,1750000000e+001	-9,57692e+001	 4,18041e+000
96	 1,1875000000e+001	-9,38461e+001	-4,60942e-001
97	 1,2000000000e+001	-8,60997e+001	-1,40205e+000
98	 1,2125000000e+001	-8,04884e+001	 1,47525e+000
99	 1,2250000000e+001	-7,63144e+001	 1,36596e+000
100	 1,2375000000e+001	-7,20453e+001	-5,24905e-001
101	 1,2500000000e+001	-6,61352e+001	 1,97451e-001
102	 1,2625000000e+001	-6,48626e+001	-1,35257e+000
103	 1,2750000000e+001	-6,17790e+001	 6,30819e-001
104	 1,2875000000e+001	-5,92077e+001	 2,08021e+000
105	 1,3000000000e+001	-5,59803e+001	 1,11203e+000
106	 1,3125000000e+001	-5,42043e+001	 6,63373e-001
107	 1,3250000000e+001	-5,21066e+001	 9,91267e-001
108	 1,3375000000e+001	-5,06045e+001	 1,70118e+000
109	 1,3500000000e+001	-4,90423e+001	 1,55950e+000
110	 1,3625000000e+001	-4,73700e+001	 7,64856e-001
111	 1,3750000000e+001	-4,66018e+001	 5,77831e-001
112	 1,3875000000e+001	-4,51074e+001	 8,89038e-001
113	 1,4000000000e+001	-4,39209e+001	 9,21386e-001
114	 1,4125000000e+001	-4,18238e+001	 1,51480e+000
115	 1,4250000000e+001	-4,14132e+001	 1,48771e+000
116	 1,4375000000e+001	-4,03979e+001	 1,41954e+000
117	 1,4500000000e+001	-3,93641e+001	 1,76826e+000
118	 1,4625000000e+001	-3,89722e+001	 1,50588e+000
119	 1,4750000000e+001	-3,75489e+001	 1,47368e+000
120	 1,4875000000e+001	-3,68493e+001	 1,41252e+000
121	 1,5000000000e+001	-3,64036e+001	 1,47048e+000
122	 1,5125000000e+001	-3,49407e+001	 1,59385e+000
123	 1,5250000000e+001	-3,47649e+001	 1,56198e+000
124	 1,5375000000e+001	-3,41988e+001	 1,37579e+000
125	 1,5500000000e+001	-3,38036e+001	 1,37152e+000
126	 1,5625000000e+001	-3,33615e+001	 1,29560e+000
127	 1,5750000000e+001	-3,28647e+001	 1,10060e+000
128	 1,5875000000e+001	-3,24962e+001	 1,18393e+000
129	 1,6000000000e+001	-3,21149e+001	 1,16435e+000
130	 1,6125000000e+001	-3,15007e+001	 9,22381e-001
131	 1,6250000000e+001	-3,12516e+001	 8,96110e-001
132	 1,6375000000e+001	-3,04767e+001	 1,08747e+000
133	 1,6500000000e+001	-3,03580e+001	 1,10968e+000
134	 1,6625000000e+001	-2,98641e+001	 1,01553e+000
135	 1,6750000000e+001	-2,95378e+001	 9,90867e-001
136	 1,6875000000e+001	-2,94427e+001	 9,41758e-001
137	 1,7000000000e+001	-2,91734e+001	 9,29383e-001
138	 1,7125000000e+001	-2,86449e+001	 8,15667e-001
139	 1,7250000000e+001	-2,83053e+001	 1,01625e+000
140	 1,7375000000e+001	-2,82347e+001	 8,41275e-001
141	 1,7500000000e+001	-2,79983e+001	 8,40753e-001
142	 1,7625000000e+001	-2,77185e+001	 8,61040e-001
143	 1,7750000000e+001	-2,74799e+001	 9,34324e-001
144	 1,7875000000e+001	-2,71212e+001	 9,23797e-001
145	 1,8000000000e+001	-2,69260e+001	 8,15421e-001
146	 1,8125000000e+001	-2,66819e+001	 9,18428e-001
147	 1,8250000000e+001	-2,65666e+001	 8,64362e-001
148	 1,8375000000e+001	-2,64500e+001	 8,62524e-001
149	 1,8500000000e+001	-2,63051e+001	 9,75403e-001
150	 1,8625000000e+001	-2,61617e+001	 9,94594e-001
151	 1,8750000000e+001	-2,59289e+001	 8,93492e-001
152	 1,8875000000e+001	-2,55592e+001	 7,27364e-001
153	 1,9000000000e+001	-2,53059e+001	 7,34702e-001
154	 1,9125000000e+001	-2,52191e+001	 7,45242e-001
155	 1,9250000000e+001	-2,50311e+001	 7,42232e-001
156	 1,9375000000e+001	-2,49486e+001	 7,18523e-001
157	 1,9500000000e+001	-2,48609e+001	 7,71002e-001
158	 1,9625000000e+001	-2,46635e+001	 8,16078e-001
159	 1,9750000000e+001	-2,45935e+001	 7,92439e-001
160	 1,9875000000e+001	-2,44533e+001	 5,98700e-001
161	 2,0000000000e+001	-2,42556e+001	 6,91797e-001
162	 2,0125000000e+001	-2,41305e+001	 7,26052e-001
163	 2,0250000000e+001	-2,39698e+001	 7,38699e-001
164	 2,0375000000e+001	-2,38649e+001	 7,78260e-001
165	 2,0500000000e+001	-2,37242e+001	 7,68938e-001
166	 2,0625000000e+001	-2,36270e+001	 7,73176e-001
167	 2,0750000000e+001	-2,35146e+001	 7,73577e-001
168	 2,0875000000e+001	-2,34549e+001	 7,51272e-001
169	 2,1000000000e+001	-2,33393e+001	 7,58087e-001
170	 2,1125000000e+001	-2,31676e+001	 7,85510e-001
171	 2,1250000000e+001	-2,31218e+001	 7,42797e-001
172	 2,1375000000e+001	-2,29960e+001	 6,94733e-001
173	 2,1500000000e+001	-2,28318e+001	 7,17895e-001
174	 2,1625000000e+001	-2,27744e+001	 7,64752e-001
175	 2,1750000000e+001	-2,27288e+001	 8,02409e-001
176	 2,1875000000e+001	-2,25627e+001	 7,77264e-001
177	 2,2000000000e+001	-2,24537e+001	 7,55482e-001
178	 2,2125000000e+001	-2,23741e+001	 7,41101e-001
179	 2,2250000000e+001	-2,23235e+001	 7,43301e-001
180	 2,2375000000e+001	-2,22043e+001	 7,67971e-001
181	 2,2500000000e+001	-2,21377e+001	 7,34891e-001
182	 2,2625000000e+001	-2,20098e+001	 7,43636e-001
183	 2,2750000000e+001	-2,19659e+001	 7,65552e-001
184	 2,2875000000e+001	-2,18864e+001	 7,35332e-001
185	 2,3000000000e+001	-2,17656e+001	 7,22351e-001
186	 2,3125000000e+001	-2,17154e+001	 7,36831e-001
187	 2,3250000000e+001	-2,16342e+001	 7,42674e-001
188	 2,3375000000e+001	-2,15701e+001	 7,31373e-001
189	 2,3500000000e+001	-2,14808e+001	 6,69572e-001
190	 2,3625000000e+001	-2,14312e+001	 6,98252e-001
191	 2,3750000000e+001	-2,13537e+001	 7,16809e-001
192	 2,3875000000e+001	-2,12725e+001	 7,21684e-001
193	 2,4000000000e+001	-2,11693e+001	 7,40767e-001
194	 2,4125000000e+001	-2,11168e+001	 7,30255e-001
195	 2,4250000000e+001	-2,10196e+001	 7,27865e-001
196	 2,4375000000e+001	-2,09642e+001	 7,27795e-001
197	 2,4500000000e+001	-2,09090e+001	 7,21478e-001
198	 2,4625000000e+001	-2,08172e+001	 7,33539e-001
199	 2,4750000000e+001	-2,07285e+001	 7,09770e-001
200	 2,4875000000e+001	-2,06546e+001	 7,05218e-001
201	 2,5000000000e+001	-2,06061e+001	 7,13060e-001
202	 2,5125000000e+001	-2,05907e+001	 7,18031e-001
203	 2,5250000000e+001	-2,05214e+001	 7,01473e-001
204	 2,5375000000e+001	-2,04420e+001	 7,35536e-001
205	 2,5500000000e+001	-2,04043e+001	 7,27227e-001
206	 2,5625000000e+001	-2,03447e+001	 6,59228e-001
207	 2,5750000000e+001	-2,02501e+001	 6,86144e-001
208	 2,5875000000e+001	-2,02110e+001	 7,07950e-001
209	 2,6000000000e+001	-2,01730e+001	 7,16954e-001
210	 2,6125000000e+001	-2,00592e+001	 7,19307e-001
211	 2,6250000000e+001	-2,00139e+001	 7,14518e-001
212	 2,6375000000e+001	-1,99445e+001	 7,24190e-001
213	 2,6500000000e+001	-1,98863e+001	 7,05765e-001
214	 2,6625000000e+001	-1,98590e+001	 6,75302e-001
215	 2,6750000000e+001	-1,97807e+001	 6,83083e-001
216	 2,6875000000e+001	-1,97298e+001	 6,77701e-001
217	 2,7000000000e+001	-1,97033e+001	 6,70341e-001
218	 2,7125000000e+001	-1,96375e+001	 6,62358e-001
219	 2,7250000000e+001	-1,96057e+001	 6,48191e-001
220	 2,7375000000e+001	-1,95262e+001	 6,27024e-001
221	 2,7500000000e+001	-1,94537e+001	 6,47801e-001
222	 2,7625000000e+001	-1,94293e+001	 6,74264e-001
223	 2,7750000000e+001	-1,93645e+001	 6,44826e-001
224	 2,7875000000e+001	-1,93476e+001	 6,59119e-001
225	 2,8000000000e+001	-1,93021e+001	 6,78054e-001
226	 2,8125000000e+001	-1,92521e+001	 6,21509e-001
227	 2,8250000000e+001	-1,91985e+001	 6,24699e-001
228	 2,8375000000e+001	-1,91750e+001	 6,28804e-001
229	 2,8500000000e+001	-1,91346e+001	 6,08970e-001
230	 2,8625000000e+001	-1,90981e+001	 6,10888e-001
231	 2,8750000000e+001	-1,90473e+001	 6,13676e-001
232	 2,8875000000e+001	-1,89786e+001	 6,10700e-001
233	 2,9000000000e+001	-1,89551e+001	 6,03363e-001
234	 2,9125000000e+001	-1,89036e+001	 5,97367e-001
235	 2,9250000000e+001	-1,88475e+001	 6,01275e-001
236	 2,9375000000e+001	-1,88039e+001	 5,97817e-001
237	 2,9500000000e+001	-1,87718e+001	 6,02724e-001
238	 2,9625000000e+001	-1,87168e+001	 6,00158e-001
239	 2,9750000000e+001	-1,86764e+001	 6,03752e-001
240	 2,9875000000e+001	-1,86778e+001	 6,05372e-001
241	 3,0000000000e+001	-1,86084e+001	 5,93078e-001
242	 3,0125000000e+001	-1,85576e+001	 5,92668e-001
243	 3,0250000000e+001	-1,85481e+001	 5,97013e-001
244	 3,0375000000e+001	-1,84846e+001	 5,98930e-001
245	 3,0500000000e+001	-1,84323e+001	 5,48965e-001
246	 3,0625000000e+001	-1,84000e+001	 5,45040e-001
247	 3,0750000000e+001	-1,83609e+001	 5,70263e-001
248	 3,0875000000e+001	-1,82827e+001	 5,66304e-001
249	 3,1000000000e+001	-1,82481e+001	 5,51150e-001
250	 3,1125000000e+001	-1,82325e+001	 5,38312e-001
251	 3,1250000000e+001	-1,82279e+001	 5,32491e-001
252	 3,1375000000e+001	-1,81925e+001	 5,34838e-001
253	 3,1500000000e+001	-1,81323e+001	 5,35169e-001
254	 3,1625000000e+001	-1,81243e+001	 5,37374e-001
255	 3,1750000000e+001	-1,80685e+001	 5,51678e-001
256	 3,1875000000e+001	-1,80222e+001	 5,40850e-001
257	 3,2000000000e+001	-1,79934e+001	 5,35342e-001
258	 3,2125000000e+001	-1,79494e+001	 5,16453e-001
259	 3,2250000000e+001	-1,79087e+001	 4,94205e-001
260	 3,2375000000e+001	-1,78703e+001	 4,90717e-001
261	 3,2500000000e+001	-1,78366e+001	 4,85054e-001
262	 3,2625000000e+001	-1,77898e+001	 4,83910e-001
263	 3,2750000000e+001	-1,77771e+001	 4,81188e-001
264	 3,2875000000e+001	-1,77321e+001	 4,59581e-001
265	 3,3000000000e+001	-1,76954e+001	 4,60925e-001
266	 3,3125000000e+001	-1,76831e+001	 4,60623e-001
267	 3,3250000000e+001	-1,76099e+001	 4,50462e-001
268	 3,3375000000e+001	-1,75911e+001	 4,43320e-001
269	 3,3500000000e+001	-1,75644e+001	 4,41323e-001
270	 3,3625000000e+001	-1,75171e+001	 4,16101e-001
271	 3,3750000000e+001	-1,75124e+001	 4,47972e-001
272	 3,3875000000e+001	-1,75050e+001	 4,52965e-001
273	 3,4000000000e+001	-1,74637e+001	 4,42323e-001
274	 3,4125000000e+001	-1,74440e+001	 4,38372e-001
275	 3,4250000000e+001	-1,73998e+001	 4,43876e-001
276	 3,4375000000e+001	-1,73680e+001	 4,31112e-001
277	 3,4500000000e+001	-1,73535e+001	 4,43174e-001
278	 3,4625000000e+001	-1,73308e+001	 4,37880e-001
279	 3,4750000000e+001	-1,72768e+001	 4,37113e-001
280	 3,4875000000e+001	-1,72486e+001	 4,62196e-001
281	 3,5000000000e+001	-1,71809e+001	 4,63013e-001
282	 3,5125000000e+001	-1,71517e+001	 4,28471e-001
283	 3,5250000000e+001	-1,71298e+001	 4,31991e-001
284	 3,5375000000e+001	-1,70930e+001	 4,32538e-001
285	 3,5500000000e+001	-1,70608e+001	 4,34834e-001
286	 3,5625000000e+001	-1,70334e+001	 4,24003e-001
287	 3,5750000000e+001	-1,70119e+001	 4,30389e-001
288	 3,5875000000e+001	-1,69754e+001	 4,20583e-001
289	 3,6000000000e+001	-1,69374e+001	 4,18120e-001
290	 3,6125000000e+001	-1,68924e+001	 4,22986e-001
291	 3,6250000000e+001	-1,68603e+001	 4,24019e-001
292	 3,6375000000e+001	-1,68268e+001	 4,25957e-001
293	 3,6500000000e+001	-1,68113e+001	 4,18815e-001
294	 3,6625000000e+001	-1,67760e+001	 4,05341e-001
295	 3,6750000000e+001	-1,67204e+001	 4,28497e-001
296	 3,6875000000e+001	-1,67015e+001	 4,40259e-001
297	 3,7000000000e+001	-1,66545e+001	 4,15915e-001
298	 3,7125000000e+001	-1,66036e+001	 3,99371e-001
299	 3,7250000000e+001	-1,65752e+001	 4,07987e-001
300	 3,7375000000e+001	-1,65462e+001	 4,10327e-001
301	 3,7500000000e+001	-1,65187e+001	 4,02239e-001
302	 3,7625000000e+001	-1,64931e+001	 3,99353e-001
303	 3,7750000000e+001	-1,64524e+001	 3,86444e-001
304	 3,7875000000e+001	-1,64239e+001	 3,93068e-001
305	 3,8000000000e+001	-1,63858e+001	 4,03588e-001
306	 3,8125000000e+001	-1,63426e+001	 3,73639e-001
307	 3,8250000000e+001	-1,63183e+001	 3,87813e-001
308	 3,8375000000e+001	-1,62643e+001	 4,09829e-001
309	 3,8500000000e+001	-1,62437e+001	 3,92794e-001
310	 3,8625000000e+001	-1,62165e+001	 3,92644e-001
311	 3,8750000000e+001	-1,61774e+001	 3,69436e-001
312	 3,8875000000e+001	-1,61573e+001	 3,91004e-001
313	 3,9000000000e+001	-1,61224e+001	 3,83231e-001
314	 3,9125000000e+001	-1,60870e+001	 3,95528e-001
315	 3,9250000000e+001	-1,60215e+001	 4,14206e-001
316	 3,9375000000e+001	-1,59987e+001	 3,88559e-001
317	 3,9500000000e+001	-1,59803e+001	 3,85786e-001
318	 3,9625000000e+001	-1,59218e+001	 3,77720e-001
319	 3,9750000000e+001	-1,59104e+001	 3,81280e-001
320	 3,9875000000e+001	-1,58833e+001	 3,94797e-001
321	 4,0000000000e+001	-1,58053e+001	 3,82391e-001
322	 4,0125000000e+001	-1,57979e+001	 3,70776e-001
323	 4,0250000000e+001	-1,57455e+001	 3,79966e-001
324	 4,0375000000e+001	-1,57387e+001	 3,83459e-001
325	 4,0500000000e+001	-1,56792e+001	 3,77345e-001
326	 4,0625000000e+001	-1,56350e+001	 3,67219e-001
327	 4,0750000000e+001	-1,56186e+001	 3,61383e-001
328	 4,0875000000e+001	-1,55654e+001	 3,72735e-001
329	 4,1000000000e+001	-1,55396e+001	 3,64811e-001
330	 4,1125000000e+001	-1,54841e+001	 3,67505e-001
331	 4,1250000000e+001	-1,54528e+001	 3,50865e-001
332	 4,1375000000e+001	-1,54325e+001	 3,86200e-001
333	 4,1500000000e+001	-1,54135e+001	 3,78208e-001
334	 4,1625000000e+001	-1,53546e+001	 3,69925e-001
335	 4,1750000000e+001	-1,52824e+001	 3,43273e-001
336	 4,1875000000e+001	-1,52696e+001	 3,54749e-001
337	 4,2000000000e+001	-1,52569e+001	 3,50014e-001
338	 4,2125000000e+001	-1,51999e+001	 3,48099e-001
339	 4,2250000000e+001	-1,51791e+001	 3,50876e-001
340	 4,2375000000e+001	-1,51211e+001	 3,44138e-001
341	 4,2500000000e+001	-1,50885e+001	 3,49710e-001
342	 4,2625000000e+001	-1,50208e+001	 3,48821e-001
343	 4,2750000000e+001	-1,49879e+001	 3,41135e-001
344	 4,2875000000e+001	-1,49764e+001	 3,52328e-001
345	 4,3000000000e+001	-1,49196e+001	 3,36112e-001
346	 4,3125000000e+001	-1,48632e+001	 3,32938e-001
347	 4,3250000000e+001	-1,48550e+001	 3,41187e-001
348	 4,3375000000e+001	-1,48136e+001	 3,36806e-001
349	 4,3500000000e+001	-1,47531e+001	 3,51935e-001
350	 4,3625000000e+001	-1,47099e+001	 3,65707e-001
351	 4,3750000000e+001	-1,46847e+001	 3,67267e-001
352	 4,3875000000e+001	-1,45900e+001	 3,55841e-001
353	 4,4000000000e+001	-1,45342e+001	 3,80696e-001
354	 4,4125000000e+001	-1,45173e+001	 3,37517e-001
355	 4,4250000000e+001	-1,44463e+001	 3,31573e-001
356	 4,4375000000e+001	-1,44339e+001	 3,37472e-001
357	 4,4500000000e+001	-1,44142e+001	 3,34387e-001
358	 4,4625000000e+001	-1,43578e+001	 3,23717e-001
359	 4,4750000000e+001	-1,43357e+001	 3,24309e-001
360	 4,4875000000e+001	-1,42768e+001	 3,28880e-001
361	 4,5000000000e+001	-1,42323e+001	 3,30999e-001
362	 4,5125000000e+001	-1,41889e+001	 3,39708e-001
363	 4,5250000000e+001	-1,41083e+001	 3,01286e-001
364	 4,5375000000e+001	-1,41024e+001	 2,89762e-001
365	 4,5500000000e+001	-1,40420e+001	 2,91141e-001
366	 4,5625000000e+001	-1,40120e+001	 2,99026e-001
367	 4,5750000000e+001	-1,39323e+001	 3,01588e-001
368	 4,5875000000e+001	-1,38955e+001	 3,05605e-001
369	 4,6000000000e+001	-1,38685e+001	 3,04431e-001
370	 4,6125000000e+001	-1,37884e+001	 2,83370e-001
371	 4,6250000000e+001	-1,37518e+001	 2,78026e-001
372	 4,6375000000e+001	-1,36932e+001	 2,79424e-001
373	 4,6500000000e+001	-1,36542e+001	 2,87517e-001
374	 4,6625000000e+001	-1,36300e+001	 2,88410e-001
375	 4,6750000000e+001	-1,35640e+001	 2,96384e-001
376	 4,6875000000e+001	-1,35258e+001	 3,07690e-001
377	 4,7000000000e+001	-1,34549e+001	 2,75223e-001
378	 4,7125000000e+001	-1,34111e+001	 2,65157e-001
379	 4,7250000000e+001	-1,33789e+001	 2,80537e-001
380	 4,7375000000e+001	-1,32968e+001	 2,68650e-001
381	 4,7500000000e+001	-1,32226e+001	 2,58639e-001
382	 4,7625000000e+001	-1,31979e+001	 2,76298e-001
383	 4,7750000000e+001	-1,31451e+001	 2,75476e-001
384	 4,7875000000e+001	-1,30563e+001	 2,59094e-001
385	 4,8000000000e+001	-1,30436e+001	 2,55224e-001
386	 4,8125000000e+001	-1,29971e+001	 2,43532e-001
387	 4,8250000000e+001	-1,28943e+001	 2,80096e-001
388	 4,8375000000e+001	-1,28628e+001	 2,69039e-001
389	 4,8500000000e+001	-1,28012e+001	 2,42098e-001
390	 4,8625000000e+001	-1,27194e+001	 2,48745e-001
391	 4,8750000000e+001	-1,26742e+001	 2,52367e-001
392	 4,8875000000e+001	-1,26160e+001	 2,57270e-001
393	 4,9000000000e+001	-1,25399e+001	 2,60186e-001
394	 4,9125000000e+001	-1,24785e+001	 2,44471e-001
395	 4,9250000000e+001	-1,24185e+001	 2,15397e-001
396	 4,9375000000e+001	-1,23807e+001	 2,51798e-001
397	 4,9500000000e+001	-1,23024e+001	 2,38275e-001
398	 4,9625000000e+001	-1,22601e+001	 2,28957e-001
399	 4,9750000000e+001	-1,21975e+001	 2,28280e-001
400	 4,9875000000e+001	-1,21086e+001	 1,88813e-001
401	 5,0000000000e+001	-1,20398e+001	 1,72805e-001
402	 5,0125000000e+001	-1,19804e+001	 1,99216e-001
403	 5,0250000000e+001	-1,19100e+001	 1,98082e-001
404	 5,0375000000e+001	-1,18368e+001	 1,74382e-001
405	 5,0500000000e+001	-1,17689e+001	 1,60934e-001
406	 5,0625000000e+001	-1,17156e+001	 1,67683e-001
407	 5,0750000000e+001	-1,16044e+001	 1,47768e-001
408	 5,0875000000e+001	-1,15365e+001	 1,33323e-001
409	 5,1000000000e+001	-1,14777e+001	 1,39374e-001
410	 5,1125000000e+001	-1,14243e+001	 1,15951e-001
411	 5,1250000000e+001	-1,13475e+001	 1,14512e-001
412	 5,1375000000e+001	-1,13067e+001	 1,06456e-001
413	 5,1500000000e+001	-1,12163e+001	 9,44469e-002
414	 5,1625000000e+001	-1,11622e+001	 9,74676e-002
415	 5,1750000000e+001	-1,11089e+001	 9,50558e-002
416	 5,1875000000e+001	-1,10147e+001	 1,03858e-001
417	 5,2000000000e+001	-1,09316e+001	 6,15860e-002
418	 5,2125000000e+001	-1,08938e+001	 6,68310e-002
419	 5,2250000000e+001	-1,07980e+001	 5,52489e-002
420	 5,2375000000e+001	-1,06975e+001	 4,49635e-002
421	 5,2500000000e+001	-1,06262e+001	 4,46824e-002
422	 5,2625000000e+001	-1,05674e+001	 6,32406e-002
423	 5,2750000000e+001	-1,04899e+001	 5,08473e-002
424	 5,2875000000e+001	-1,04065e+001	 5,04119e-002
425	 5,3000000000e+001	-1,02934e+001	 3,85045e-002
426	 5,3125000000e+001	-1,02315e+001	 4,83925e-002
427	 5,3250000000e+001	-1,01283e+001	 5,11644e-002
428	 5,3375000000e+001	-1,00294e+001	 9,73303e-003
429	 5,3500000000e+001	-9,98509e+000	-6,75981e-003
430	 5,3625000000e+001	-9,87882e+000	 2,09707e-002
431	 5,3750000000e+001	-9,84661e+000	 1,12509e-002
432	 5,3875000000e+001	-9,71101e+000	 3,72591e-002
433	 5,4000000000e+001	-9,57694e+000	 2,45018e-002
434	 5,4125000000e+001	-9,49769e+000	 6,20167e-004
435	 5,4250000000e+001	-9,42520e+000	-2,69067e-002
436	 5,4375000000e+001	-9,38343e+000	-2,72619e-002
437	 5,4500000000e+001	-9,17901e+000	-1,90770e-002
438	 5,4625000000e+001	-9,05244e+000	-4,47161e-002
439	 5,4750000000e+001	-9,02092e+000	-3,39465e-002
440	 5,4875000000e+001	-8,93247e+000	-8,79710e-003
441	 5,5000000000e+001	-8,80640e+000	-8,38018e-002
442	 5,5125000000e+001	-8,71404e+000	-8,87146e-002
443	 5,5250000000e+001	-8,57160e+000	-9,67051e-002
444	 5,5375000000e+001	-8,44168e+000	-6,24124e-002
445	 5,5500000000e+001	-8,42219e+000	-5,23801e-002
446	 5,5625000000e+001	-8,25094e+000	-9,34086e-002
447	 5,5750000000e+001	-8,10682e+000	-1,08575e-001
448	 5,5875000000e+001	-7,97795e+000	-7,67158e-002
449	 5,6000000000e+001	-7,87324e+000	-7,13067e-002
450	 5,6125000000e+001	-7,79756e+000	-7,31260e-002
451	 5,6250000000e+001	-7,65738e+000	-7,38387e-002
452	 5,6375000000e+001	-7,51741e+000	-1,13996e-001
453	 5,6500000000e+001	-7,44346e+000	-1,37039e-001
454	 5,6625000000e+001	-7,20043e+000	-1,39139e-001
455	 5,6750000000e+001	-7,06782e+000	-1,67126e-001
456	 5,6875000000e+001	-7,01479e+000	-1,69958e-001
457	 5,7000000000e+001	-6,88313e+000	-1,97288e-001
458	 5,7125000000e+001	-6,74343e+000	-2,01600e-001
459	 5,7250000000e+001	-6,59365e+000	-1,91222e-001
460	 5,7375000000e+001	-6,45012e+000	-2,08453e-001
461	 5,7500000000e+001	-6,28865e+000	-1,87477e-001
462	 5,7625000000e+001	-6,16251e+000	-2,42297e-001
463	 5,7750000000e+001	-5,98572e+000	-2,30202e-001
464	 5,7875000000e+001	-5,82116e+000	-2,65676e-001
465	 5,8000000000e+001	-5,66892e+000	-2,49342e-001
466	 5,8125000000e+001	-5,55484e+000	-2,98601e-001
467	 5,8250000000e+001	-5,35733e+000	-2,78356e-001
468	 5,8375000000e+001	-5,20662e+000	-2,72309e-001
469	 5,8500000000e+001	-5,01587e+000	-3,49752e-001
470	 5,8625000000e+001	-4,87529e+000	-3,55338e-001
471	 5,8750000000e+001	-4,67393e+000	-2,89940e-001
472	 5,8875000000e+001	-4,36114e+000	-3,79196e-001
473	 5,9000000000e+001	-4,32059e+000	-3,65989e-001
474	 5,9125000000e+001	-4,19067e+000	-3,53686e-001
475	 5,9250000000e+001	-3,86760e+000	-4,11354e-001
476	 5,9375000000e+001	-3,74922e+000	-4,11871e-001
477	 5,9500000000e+001	-3,55355e+000	-4,13527e-001
478	 5,9625000000e+001	-3,24869e+000	-4,72835e-001
479	 5,9750000000e+001	-3,13369e+000	-4,75052e-001
480	 5,9875000000e+001	-2,85055e+000	-5,06792e-001
481	 6,0000000000e+001	-2,65152e+000	-5,13812e-001
482	 6,0125000000e+001	-2,45624e+000	-5,37286e-001
483	 6,0250000000e+001	-2,30104e+000	-5,22912e-001
484	 6,0375000000e+001	-1,95948e+000	-5,51560e-001
485	 6,0500000000e+001	-1,88436e+000	-5,89038e-001
486	 6,0625000000e+001	-1,32953e+000	-6,70753e-001
487	 6,0750000000e+001	-1,26940e+000	-6,34462e-001
488	 6,0875000000e+001	-8,94548e-001	-6,69717e-001
489	 6,1000000000e+001	-7,00305e-001	-7,17594e-001
490	 6,1125000000e+001	-5,01591e-001	-7,31221e-001
491	 6,1250000000e+001	-1,25045e-001	-8,11234e-001
492	 6,1375000000e+001	 9,42281e-002	-8,07791e-001
493	 6,1500000000e+001	 4,37881e-001	-8,03494e-001
494	 6,1625000000e+001	 6,53998e-001	-8,74094e-001
495	 6,1750000000e+001	 1,12005e+000	-8,67371e-001
496	 6,1875000000e+001	 1,47261e+000	-9,43896e-001
497	 6,2000000000e+001	 1,64451e+000	-1,00194e+000
498	 6,2125000000e+001	 1,96259e+000	-1,02257e+000
499	 6,2250000000e+001	 2,42291e+000	-1,06622e+000
500	 6,2375000000e+001	 2,69066e+000	-1,07283e+000
501	 6,2500000000e+001	 3,11053e+000	-1,17831e+000
502	 6,2625000000e+001	 3,39784e+000	-1,26615e+000
503	 6,2750000000e+001	 3,82042e+000	-1,26845e+000
504	 6,2875000000e+001	 4,25049e+000	-1,22141e+000
505	 6,3000000000e+001	 4,69603e+000	-1,41817e+000
506	 6,3125000000e+001	 5,03213e+000	-1,39932e+000
507	 6,3250000000e+001	 5,42670e+000	-1,60613e+000
508	 6,3375000000e+001	 5,97093e+000	-1,62599e+000
509	 6,3500000000e+001	 6,52120e+000	-1,74580e+000
510	 6,3625000000e+001	 7,09558e+000	-1,74897e+000
511	 6,3750000000e+001	 7,34322e+000	-1,79400e+000
512	 6,3875000000e+001	 7,98231e+000	-1,88019e+000
513	 6,4000000000e+001	 8,33109e+000	-1,95699e+000
514	 6,4125000000e+001	 9,26457e+000	-2,11872e+000
515	 6,4250000000e+001	 9,53655e+000	-2,19376e+000
516	 6,4375000000e+001	 1,03418e+001	-2,27556e+000
517	 6,4500000000e+001	 1,10520e+001	-2,42119e+000
518	 6,4625000000e+001	 1,14313e+001	-2,41869e+000
519	 6,4750000000e+001	 1,23060e+001	-2,69453e+000
520	 6,4875000000e+001	 1,27897e+001	-2,71709e+000
521	 6,5000000000e+001	 1,37883e+001	-2,96678e+000
522	 6,5125000000e+001	 1,43584e+001	-3,23301e+000
523	 6,5250000000e+001	 1,50005e+001	-3,40071e+000
524	 6,5375000000e+001	 1,57552e+001	-3,81275e+000
525	 6,5500000000e+001	 1,71728e+001	-3,95961e+000
526	 6,5625000000e+001	 1,75218e+001	-3,96008e+000
527	 6,5750000000e+001	 1,85292e+001	-4,12445e+000
528	 6,5875000000e+001	 1,98447e+001	-4,82308e+000
529	 6,6000000000e+001	 2,05070e+001	-4,95084e+000
530	 6,6125000000e+001	 2,15067e+001	-5,18631e+000
531	 6,6250000000e+001	 2,31326e+001	-5,63608e+000
532	 6,6375000000e+001	 2,35773e+001	-5,84172e+000
533	 6,6500000000e+001	 2,58273e+001	-6,68451e+000
534	 6,6625000000e+001	 2,64868e+001	-7,06910e+000
535	 6,6750000000e+001	 2,78996e+001	-7,59320e+000
536	 6,6875000000e+001	 2,90044e+001	-7,59898e+000
537	 6,7000000000e+001	 3,11258e+001	-9,13385e+000
538	 6,7125000000e+001	 3,14305e+001	-9,12245e+000
539	 6,7250000000e+001	 3,28888e+001	-9,94943e+000
540	 6,7375000000e+001	 3,41901e+001	-1,08819e+001
541	 6,7500000000e+001	 3,57889e+001	-1,26322e+001
542	 6,7625000000e+001	 3,63037e+001	-1,24215e+001
543	 6,7750000000e+001	 3,74599e+001	-1,24000e+001
544	 6,7875000000e+001	 3,95242e+001	-1,25056e+001
545	 6,8000000000e+001	 4,19725e+001	-1,25520e+001
546	 6,8125000000e+001	 4,42948e+001	-1,19334e+001
547	 6,8250000000e+001	 4,73426e+001	-1,20852e+001
548	 6,8375000000e+001	 5,34304e+001	-1,30782e+001
549	 6,8500000000e+001	 5,63069e+001	-1,49126e+001
550	 6,8625000000e+001	 5,94013e+001	-1,55095e+001
551	 6,8750000000e+001	 6,60695e+001	-1,81168e+001
552	 6,8875000000e+001	 6,90593e+001	-1,98147e+001
553	 6,9000000000e+001	 7,17546e+001	-2,24102e+001
554	 6,9125000000e+001	 8,22842e+001	-2,71572e+001
555	 6,9250000000e+001	 8,72661e+001	-2,99479e+001
556	 6,9375000000e+001	 9,11442e+001	-3,20637e+001
557	 6,9500000000e+001	 1,04215e+002	-4,38382e+001
558	 6,9625000000e+001	 1,11692e+002	-4,83151e+001
559	 6,9750000000e+001	 1,15030e+002	-5,22615e+001
560	 6,9875000000e+001	 1,34639e+002	-6,90074e+001
561	 7,0000000000e+001	 1,41430e+002	-7,58803e+001
562	 7,0125000000e+001	 1,52411e+002	-9,20961e+001
563	 7,0250000000e+001	 1,71580e+002	-1,21452e+002
564	 7,0375000000e+001	 1,87576e+002	-1,53409e+002
565	 7,0500000000e+001	 1,98497e+002	-1,74020e+002
566	 7,0625000000e+001	 1,93395e+002	-2,60922e+002
567	 7,0750000000e+001	 1,81935e+002	-3,37612e+002
568	 7,0875000000e+001	 1,20399e+002	-3,74168e+002
569	 7,1000000000e+001	 2,90243e+001	-4,12294e+002
570	 7,1125000000e+001	-6,71415e+001	-4,03910e+002
571	 7,1250000000e+001	-1,62954e+002	-3,44902e+002
572	 7,1375000000e+001	-2,41922e+002	-2,76353e+002
573	 7,1500000000e+001	-2,55390e+002	-2,15540e+002
574	 7,1625000000e+001	-2,42654e+002	-1,76398e+002
575	 7,1750000000e+001	-2,45716e+002	-1,35985e+002
576	 7,1875000000e+001	-2,13602e+002	-1,01898e+002
577	 7,2000000000e+001	-2,02390e+002	-8,33899e+001
578	 7,2125000000e+001	-1,86803e+002	-6,09553e+001
579	 7,2250000000e+001	-1,74934e+002	-4,87627e+001
580	 7,2375000000e+001	-1,62547e+002	-4,17539e+001
581	 7,2500000000e+001	-1,55133e+002	-3,75175e+001
582	 7,2625000000e+001	-1,43728e+002	-3,22495e+001
583	 7,2750000000e+001	-1,37405e+002	-3,17337e+001
584	 7,2875000000e+001	-1,28321e+002	-2,51899e+001
585	 7,3000000000e+001	-1,22218e+002	-2,21884e+001
586	 7,3125000000e+001	-1,19100e+002	-1,94131e+001
587	 7,3250000000e+001	-1,12958e+002	-1,41696e+001
588	 7,3375000000e+001	-1,08914e+002	-1,29721e+001
589	 7,3500000000e+001	-1,03071e+002	-1,13558e+001
590	 7,3625000000e+001	-9,94513e+001	-1,12140e+001
591	 7,3750000000e+001	-9,78534e+001	-1,01370e+001
592	 7,3875000000e+001	-9,34102e+001	-8,86050e+000
593	 7,4000000000e+001	-9,13894e+001	-8,33952e+000
594	 7,4125000000e+001	-8,87281e+001	-7,41205e+000
595	 7,4250000000e+001	-8,55961e+001	-5,89690e+000
596	 7,4375000000e+001	-8,23863e+001	-6,42932e+000
597	 7,4500000000e+001	-8,01705e+001	-6,00008e+000
598	 7,4625000000e+001	-7,98344e+001	-5,57869e+000
599	 7,4750000000e+001	-7,76914e+001	-5,03599e+000
600	 7,4875000000e+001	-7,47800e+001	-4,69099e+000
601	 7,5000000000e+001	-7,37673e+001	-4,53532e+000
602	 7,5125000000e+001	-7,22177e+001	-4,28671e+000
603	 7,5250000000e+001	-7,10189e+001	-4,09514e+000
604	 7,5375000000e+001	-6,86997e+001	-3,77469e+000
605	 7,5500000000e+001	-6,80508e+001	-3,23224e+000
606	 7,5625000000e+001	-6,68750e+001	-2,61941e+000
607	 7,5750000000e+001	-6,49081e+001	-2,63310e+000
608	 7,5875000000e+001	-6,45197e+001	-2,43511e+000
609	 7,6000000000e+001	-6,26853e+001	-2,64334e+000
610	 7,6125000000e+001	-6,20600e+001	-2,43335e+000
611	 7,6250000000e+001	-6,11796e+001	-2,04837e+000
612	 7,6375000000e+001	-6,08196e+001	-2,04834e+000
613	 7,6500000000e+001	-5,89900e+001	-1,53666e+000
614	 7,6625000000e+001	-5,85714e+001	-1,76065e+000
615	 7,6750000000e+001	-5,75720e+001	-1,69134e+000
616	 7,6875000000e+001	-5,67932e+001	-1,69438e+000
617	 7,7000000000e+001	-5,59863e+001	-1,46211e+000
618	 7,7125000000e+001	-5,52928e+001	-1,16232e+000
619	 7,7250000000e+001	-5,51480e+001	-9,82585e-001
620	 7,7375000000e+001	-5,43033e+001	-1,14112e+000
621	 7,7500000000e+001	-5,37369e+001	-1,14213e+000
622	 7,7625000000e+001	-5,32968e+001	-1,03297e+000
623	 7,7750000000e+001	-5,26972e+001	-1,13514e+000
624	 7,7875000000e+001	-5,15970e+001	-1,01272e+000
625	 7,8000000000e+001	-5,10080e+001	-7,55884e-001
626	 7,8125000000e+001	-5,07629e+001	-8,81294e-001
627	 7,8250000000e+001	-5,03724e+001	-8,70800e-001
628	 7,8375000000e+001	-4,99229e+001	-6,77205e-001
629	 7,8500000000e+001	-4,92412e+001	-8,94776e-001
630	 7,8625000000e+001	-4,86423e+001	-7,03598e-001
631	 7,8750000000e+001	-4,82361e+001	-6,29964e-001
632	 7,8875000000e+001	-4,79235e+001	-5,68934e-001
633	 7,9000000000e+001	-4,74223e+001	-5,67073e-001
634	 7,9125000000e+001	-4,72078e+001	-4,58865e-001
635	 7,9250000000e+001	-4,67016e+001	-3,61350e-001
636	 7,9375000000e+001	-4,65562e+001	-4,61634e-001
637	 7,9500000000e+001	-4,60587e+001	-4,77084e-001
638	 7,9625000000e+001	-4,55710e+001	-3,75567e-001
639	 7,9750000000e+001	-4,50221e+001	-4,32155e-001
640	 7,9875000000e+001	-4,48596e+001	-3,43688e-001
641	 8,0000000000e+001	-4,46009e+001	-3,14683e-001
642	 8,0125000000e+001	-4,42849e+001	-2,36802e-001
643	 8,0250000000e+001	-4,38159e+001	-3,39925e-001
644	 8,0375000000e+001	-4,35729e+001	-2,52840e-001
645	 8,0500000000e+001	-4,33953e+001	-1,90177e-001
646	 8,0625000000e+001	-4,30443e+001	-1,73553e-001
647	 8,0750000000e+001	-4,28789e+001	-1,29546e-001
648	 8,0875000000e+001	-4,25603e+001	 4,95142e-002
649	 8,1000000000e+001	-4,22872e+001	 1,75217e-002
650	 8,1125000000e+001	-4,19310e+001	-5,72357e-002
651	 8,1250000000e+001	-4,15851e+001	-7,75047e-002
652	 8,1375000000e+001	-4,14639e+001	-7,08319e-002
653	 8,1500000000e+001	-4,11366e+001	-5,76360e-002
654	 8,1625000000e+001	-4,09106e+001	 9,61429e-003
655	 8,1750000000e+001	-4,08514e+001	 8,90313e-003
656	 8,1875000000e+001	-4,04968e+001	 1,39003e-003
657	 8,2000000000e+001	-4,01936e+001	-5,03858e-002
658	 8,2125000000e+001	-4,00150e+001	-2,83428e-002
659	 8,2250000000e+001	-3,99198e+001	-1,53058e-002
660	 8,2375000000e+001	-3,96552e+001	 6,02389e-002
661	 8,2500000000e+001	-3,94112e+001	-2,19747e-002
662	 8,2625000000e+001	-3,92389e+001	-1,10599e-002
663	 8,2750000000e+001	-3,89727e+001	 1,37847e-001
664	 8,2875000000e+001	-3,88695e+001	 9,05797e-002
665	 8,3000000000e+001	-3,87152e+001	 5,45206e-002
666	 8,3125000000e+001	-3,84928e+001	 9,97869e-002
667	 8,3250000000e+001	-3,82170e+001	 8,54960e-002
668	 8,3375000000e+001	-3,80691e+001	 1,16097e-001
669	 8,3500000000e+001	-3,78829e+001	 1,04596e-001
670	 8,3625000000e+001	-3,77671e+001	 9,37755e-002
671	 8,3750000000e+001	-3,76768e+001	 9,60605e-002
672	 8,3875000000e+001	-3,74957e+001	 1,16659e-001
673	 8,4000000000e+001	-3,73108e+001	 1,41980e-001
674	 8,4125000000e+001	-3,71171e+001	 1,42810e-001
675	 8,4250000000e+001	-3,69638e+001	 1,52711e-001
676	 8,4375000000e+001	-3,68397e+001	 1,52348e-001
677	 8,4500000000e+001	-3,67173e+001	 1,86531e-001
678	 8,4625000000e+001	-3,65833e+001	 2,04290e-001
679	 8,4750000000e+001	-3,63562e+001	 1,76107e-001
680	 8,4875000000e+001	-3,62999e+001	 1,83722e-001
681	 8,5000000000e+001	-3,61319e+001	 1,74481e-001
682	 8,5125000000e+001	-3,58932e+001	 1,67484e-001
683	 8,5250000000e+001	-3,58363e+001	 2,08731e-001
684	 8,5375000000e+001	-3,57647e+001	 2,18476e-001
685	 8,5500000000e+001	-3,56136e+001	 2,08483e-001
686	 8,5625000000e+001	-3,54323e+001	 2,37583e-001
687	 8,5750000000e+001	-3,53314e+001	 2,06029e-001
688	 8,5875000000e+001	-3,52163e+001	 2,38274e-001
689	 8,6000000000e+001	-3,50518e+001	 2,78885e-001
690	 8,6125000000e+001	-3,48877e+001	 2,64012e-001
691	 8,6250000000e+001	-3,48487e+001	 2,70025e-001
692	 8,6375000000e+001	-3,47002e+001	 2,08475e-001
693	 8,6500000000e+001	-3,46787e+001	 2,14096e-001
694	 8,6625000000e+001	-3,46044e+001	 2,41072e-001
695	 8,6750000000e+001	-3,44138e+001	 2,55128e-001
696	 8,6875000000e+001	-3,42038e+001	 2,53444e-001
697	 8,7000000000e+001	-3,41694e+001	 2,44807e-001
698	 8,7125000000e+001	-3,40964e+001	 2,96611e-001
699	 8,7250000000e+001	-3,39651e+001	 2,56032e-001
700	 8,7375000000e+001	-3,38077e+001	 2,62902e-001
701	 8,7500000000e+001	-3,37546e+001	 2,66260e-001
702	 8,7625000000e+001	-3,37148e+001	 2,61064e-001
703	 8,7750000000e+001	-3,36390e+001	 2,48189e-001
704	 8,7875000000e+001	-3,34556e+001	 2,62277e-001
705	 8,8000000000e+001	-3,33883e+001	 2,53188e-001
706	 8,8125000000e+001	-3,32878e+001	 2,63313e-001
707	 8,8250000000e+001	-3,32023e+001	 2,86954e-001
708	 8,8375000000e+001	-3,31058e+001	 2,80481e-001
709	 8,8500000000e+001	-3,30303e+001	 2,59099e-001
710	 8,8625000000e+001	-3,29084e+001	 2,74889e-001
711	 8,8750000000e+001	-3,28191e+001	 2,86191e-001
712	 8,8875000000e+001	-3,27274e+001	 2,80480e-001
713	 8,9000000000e+001	-3,26846e+001	 3,05606e-001
714	 8,9125000000e+001	-3,26175e+001	 2,87443e-001
715	 8,9250000000e+001	-3,25285e+001	 2,93006e-001
716	 8,9375000000e+001	-3,24065e+001	 3,05726e-001
717	 8,9500000000e+001	-3,23297e+001	 3,06161e-001
718	 8,9625000000e+001	-3,22658e+001	 2,96119e-001
719	 8,9750000000e+001	-3,21783e+001	 3,18020e-001
720	 8,9875000000e+001	-3,21123e+001	 2,95575e-001
721	 9,0000000000e+001	-3,20385e+001	 2,69377e-001
722	 9,0125000000e+001	-3,19698e+001	 2,93611e-001
723	 9,0250000000e+001	-3,18499e+001	 3,31559e-001
724	 9,0375000000e+001	-3,18090e+001	 2,81718e-001
725	 9,0500000000e+001	-3,17532e+001	 3,00473e-001
726	 9,0625000000e+001	-3,16767e+001	 3,07158e-001
727	 9,0750000000e+001	-3,15694e+001	 2,91941e-001
728	 9,0875000000e+001	-3,15239e+001	 3,21353e-001
729	 9,1000000000e+001	-3,14732e+001	 3,08485e-001
730	 9,1125000000e+001	-3,13978e+001	 2,95053e-001
731	 9,1250000000e+001	-3,13452e+001	 3,03073e-001
732	 9,1375000000e+001	-3,12228e+001	 3,07888e-001
733	 9,1500000000e+001	-3,11820e+001	 3,02791e-001
734	 9,1625000000e+001	-3,11359e+001	 3,07429e-001
735	 9,1750000000e+001	-3,10658e+001	 3,17966e-001
736	 9,1875000000e+001	-3,10287e+001	 3,12731e-001
737	 9,2000000000e+001	-3,09505e+001	 3,23284e-001
738	 9,2125000000e+001	-3,08789e+001	 3,46186e-001
739	 9,2250000000e+001	-3,08191e+001	 3,35897e-001
740	 9,2375000000e+001	-3,07425e+001	 3,21145e-001
741	 9,2500000000e+001	-3,07133e+001	 3,10769e-001
742	 9,2625000000e+001	-3,06711e+001	 3,06279e-001
743	 9,2750000000e+001	-3,05703e+001	 3,14849e-001
744	 9,2875000000e+001	-3,05203e+001	 3,28918e-001
745	 9,3000000000e+001	-3,04870e+001	 3,22679e-001
746	 9,3125000000e+001	-3,04063e+001	 3,15931e-001
747	 9,3250000000e+001	-3,03580e+001	 3,16196e-001
748	 9,3375000000e+001	-3,03183e+001	 3,45919e-001
749	 9,3500000000e+001	-3,02250e+001	 3,49506e-001
750	 9,3625000000e+001	-3,02034e+001	 3,36642e-001
751	 9,3750000000e+001	-3,01680e+001	 3,44445e-001
752	 9,3875000000e+001	-3,01139e+001	 3,86474e-001
753	 9,4000000000e+001	-3,00170e+001	 3,48323e-001
754	 9,4125000000e+001	-2,99774e+001	 3,44138e-001
755	 9,4250000000e+001	-2,99243e+001	 3,51184e-001
756	 9,4375000000e+001	-2,98718e+001	 3,67742e-001
757	 9,4500000000e+001	-2,98311e+001	 3,59798e-001
758	 9,4625000000e+001	-2,97597e+001	 3,64996e-001
759	 9,4750000000e+001	-2,97197e+001	 3,68795e-001
760	 9,4875000000e+001	-2,96799e+001	 3,61349e-001
761	 9,5000000000e+001	-2,96284e+001	 3,49061e-001
762	 9,5125000000e+001	-2,95760e+001	 3,47425e-001
763	 9,5250000000e+001	-2,95011e+001	 3,32258e-001
764	 9,5375000000e+001	-2,94877e+001	 3,55228e-001
765	 9,5500000000e+001	-2,94312e+001	 3,60202e-001
766	 9,5625000000e+001	-2,93555e+001	 3,71703e-001
767	 9,5750000000e+001	-2,93280e+001	 3,94777e-001
768	 9,5875000000e+001	-2,92506e+001	 3,85550e-001
769	 9,6000000000e+001	-2,92052e+001	 3,95102e-001
770	 9,6125000000e+001	-2,91601e+001	 4,15636e-001
771	 9,6250000000e+001	-2,91233e+001	 3,99696e-001
772	 9,6375000000e+001	-2,90794e+001	 3,83793e-001
773	 9,6500000000e+001	-2,90503e+001	 4,07627e-001
774	 9,6625000000e+001	-2,90250e+001	 4,17461e-001
775	 9,6750000000e+001	-2,89452e+001	 4,30896e-001
776	 9,6875000000e+001	-2,89236e+001	 4,21056e-001
777	 9,7000000000e+001	-2,88693e+001	 4,06202e-001
778	 9,7125000000e+001	-2,88078e+001	 4,13023e-001
779	 9,7250000000e+001	-2,87678e+001	 4,07347e-001
780	 9,7375000000e+001	-2,87555e+001	 4,07604e-001
781	 9,7500000000e+001	-2,86839e+001	 4,64335e-001
782	 9,7625000000e+001	-2,86266e+001	 4,57126e-001
783	 9,7750000000e+001	-2,85985e+001	 4,55732e-001
784	 9,7875000000e+001	-2,85403e+001	 4,60816e-001
785	 9,8000000000e+001	-2,84604e+001	 4,67291e-001
786	 9,8125000000e+001	-2,84255e+001	 4,36265e-001
787	 9,8250000000e+001	-2,84064e+001	 4,40750e-001
788	 9,8375000000e+001	-2,83796e+001	 4,38285e-001
789	 9,8500000000e+001	-2,83302e+001	 4,40670e-001
790	 9,8625000000e+001	-2,82728e+001	 4,47999e-001
791	 9,8750000000e+001	-2,82352e+001	 4,38978e-001
792	 9,8875000000e+001	-2,81654e+001	 4,61674e-001
793	 9,9000000000e+001	-2,81215e+001	 4,64108e-001
794	 9,9125000000e+001	-2,80816e+001	 4,59111e-001
795	 9,9250000000e+001	-2,80655e+001	 4,81943e-001
796	 9,9375000000e+001	-2,79982e+001	 4,90579e-001
797	 9,9500000000e+001	-2,79560e+001	 4,58901e-001
798	 9,9625000000e+001	-2,78884e+001	 4,38622e-001
799	 9,9750000000e+001	-2,78265e+001	 4,83970e-001
800	 9,9875000000e+001	-2,78047e+001	 5,11927e-001
801	 1,0000000000e+002	-2,77361e+001	 5,11394e-001
TagsBegin:	 	 	 
OverLoad:	 	False	 
AverageNumber: []	 	 5,00000e+000	 
OverLoadRatio: []	 	 1,19209e-007	 
TagsEnd:	 	 	 
TagScalesBegin:	 	 	 
TagScalesEnd:	 	 	 
