Header Size:	 79	 	 
Pulse Version:	 80	 	 
Running Pulse Version:	PULSE LabShop  Version 18.1.0.28 - 2013-11-23	 	 
Decimal Symbol:	,	 	 
Date Format:	dd.MM.yyyy	 	 
Time Format:	HH:mm:ss:mmm	 	 
Data Type:	Complex	 	 
Slice:	False	 	 
Z-Axis type:	Linear	 	 
Z-Axis size:	1	 	 
Z-Axis unit:	 	 	 
Z-Axis first value:	 0,0000000000e+000	 	 
Z-Axis delta:	 1,0000000000e+000	 	 
X-Axis type:	Linear	 	 
X-Axis size:	1601	 	 
X-Axis unit:	Hz	 	 
X-Axis first value:	 0,0000000000e+000	 	 
X-Axis delta:	 1,2500000000e-001	 	 
	 	 	 
AmplitudeUnit:	(m/s²)/N	 	 
Analyzer:	FFT_Spectrum_Averaging	 	 
AnalyzerName:	STS FFT Analyzer	 	 
	 	 	 
	 	 	 
Bipolar:	True	 	 
CenterFrequency:	 1,0000000000e+002	 	 
	 	 	 
	 	 	 
	 	 	 
	 	 	 
	 	 	 
	 	 	 
	 	 	 
	 	 	 
Domain:	1	 	 
Function:	Frequency Response	 	 
	 	 	 
	 	 	 
	 	 	 
	 	 	 
MultiBufferName:	Input	 	 
NBW:	 1,5000000000e+000	 	 
	 	 	 
OverlapFailed:	False	 	 
Overrun:	False	 	 
Power:	False	 	 
	 	 	 
Ratio:	True	 	 
RecordLength:	 8,0000000000e+000	 	 
ReducedSize:	True	 	 
Ref_Signal:	ForceTransducer Ref.	 	 
	 	 	 
	 	 	 
RefSignalUnit:	N	 	 
	 	 	 
	 	 	 
Signal:	4507 B 1-x	 	 
	 	 	 
SignalUnit:	m/s²	 	 
	 	 	 
	 	 	 
	 	 	 
Title:	Frequency Response H1(4507 B 1-x,ForceTransducer Ref.) - STS Measurement 1	 	 
Title1:	STS : STS Measurement 1 : Input : STS FFT Analyzer	 	 
	 	 	 
	 	 	 
	 	 	 
ZoomOn:	False	 	 
	 	 	 
TemplateName:	STS	 	 
MeasurementName:	STS Measurement 1	 	 
MeasurementSlice:	False	 	 
	 	 	 
	 	 	 
	 	 	 
EnvelopeOn:	False	 	 
	 	 	 
	 	 	 
	 	 	 
Z-index:	 	1	 
Date:	 	01.03.2016	 
Time:	 	16:46:52:082	 
Relative time:	 	 0,00000e+000	 
Z-axis:	 	 0,0000000000e+000	 
1	 0,0000000000e+000	-1,59159e+002	-0,00000e+000
2	 1,2500000000e-001	 6,01609e+000	 6,28600e+000
3	 2,5000000000e-001	 1,10699e+001	 1,37772e+001
4	 3,7500000000e-001	 6,24056e+000	-7,13450e-001
5	 5,0000000000e-001	 6,77623e-001	-2,03302e+000
6	 6,2500000000e-001	 1,45124e-001	-1,45420e+000
7	 7,5000000000e-001	 1,72685e-001	 2,55057e-001
8	 8,7500000000e-001	-2,99898e-001	-1,08783e+000
9	 1,0000000000e+000	-9,34513e-001	 6,63921e-002
10	 1,1250000000e+000	 7,78140e-002	-1,54167e-001
11	 1,2500000000e+000	 3,01280e-001	-4,97439e-001
12	 1,3750000000e+000	 9,61191e-001	-3,68124e-001
13	 1,5000000000e+000	 1,01753e+000	-7,47105e-001
14	 1,6250000000e+000	 9,07937e-001	-3,73592e-001
15	 1,7500000000e+000	 5,42183e-001	 1,76192e-001
16	 1,8750000000e+000	 4,34513e-001	-2,50133e-002
17	 2,0000000000e+000	 4,23093e-001	 1,96862e-002
18	 2,1250000000e+000	 8,89766e-001	-1,66374e-001
19	 2,2500000000e+000	 9,12449e-001	-1,55913e-001
20	 2,3750000000e+000	 2,05234e-001	 3,19729e-001
21	 2,5000000000e+000	 1,48515e+000	-5,61801e-001
22	 2,6250000000e+000	 1,36970e+000	-8,59222e-002
23	 2,7500000000e+000	 1,48664e+000	-5,69698e-001
24	 2,8750000000e+000	 1,56815e+000	-6,48968e-001
25	 3,0000000000e+000	 7,64862e-001	-4,87778e-001
26	 3,1250000000e+000	 1,74579e+000	-2,70971e-001
27	 3,2500000000e+000	 1,62992e+000	-1,32146e-001
28	 3,3750000000e+000	 1,97169e+000	-6,44300e-002
29	 3,5000000000e+000	 1,83076e+000	-3,41858e-001
30	 3,6250000000e+000	 2,22641e+000	-1,79708e-001
31	 3,7500000000e+000	 2,94203e+000	-1,52698e-001
32	 3,8750000000e+000	 2,95757e+000	-2,93712e-001
33	 4,0000000000e+000	 2,79745e+000	-5,11298e-001
34	 4,1250000000e+000	 2,83476e+000	-4,97222e-001
35	 4,2500000000e+000	 2,65594e+000	-4,84598e-001
36	 4,3750000000e+000	 4,04172e+000	-4,89342e-001
37	 4,5000000000e+000	 4,12961e+000	-3,38991e-001
38	 4,6250000000e+000	 4,19911e+000	-3,63479e-001
39	 4,7500000000e+000	 4,52019e+000	-4,50497e-001
40	 4,8750000000e+000	 4,80251e+000	-2,12994e-001
41	 5,0000000000e+000	 4,82462e+000	-2,42180e-001
42	 5,1250000000e+000	 5,07029e+000	-7,58552e-001
43	 5,2500000000e+000	 5,09047e+000	-8,95133e-001
44	 5,3750000000e+000	 5,08542e+000	-1,42488e+000
45	 5,5000000000e+000	 6,14534e+000	-3,94799e-001
46	 5,6250000000e+000	 6,90508e+000	-8,95683e-001
47	 5,7500000000e+000	 6,88157e+000	-6,42695e-001
48	 5,8750000000e+000	 7,53155e+000	-7,55063e-001
49	 6,0000000000e+000	 7,97343e+000	-9,16071e-001
50	 6,1250000000e+000	 8,26974e+000	-1,01395e+000
51	 6,2500000000e+000	 8,69672e+000	-1,21176e+000
52	 6,3750000000e+000	 9,35869e+000	-1,44437e+000
53	 6,5000000000e+000	 9,93689e+000	-1,27242e+000
54	 6,6250000000e+000	 1,06067e+001	-1,14335e+000
55	 6,7500000000e+000	 1,12246e+001	-1,30303e+000
56	 6,8750000000e+000	 1,15678e+001	-1,64456e+000
57	 7,0000000000e+000	 1,28451e+001	-2,78741e+000
58	 7,1250000000e+000	 1,36424e+001	-1,50640e+000
59	 7,2500000000e+000	 1,48221e+001	-1,43290e+000
60	 7,3750000000e+000	 1,51166e+001	-1,43814e+000
61	 7,5000000000e+000	 1,55020e+001	-1,20114e+000
62	 7,6250000000e+000	 1,70908e+001	-9,00840e-001
63	 7,7500000000e+000	 1,83260e+001	-1,27199e+000
64	 7,8750000000e+000	 2,05163e+001	-2,33669e+000
65	 8,0000000000e+000	 2,14078e+001	-2,71425e+000
66	 8,1250000000e+000	 2,22119e+001	-2,78387e+000
67	 8,2500000000e+000	 2,33992e+001	-3,09267e+000
68	 8,3750000000e+000	 2,51323e+001	-3,06337e+000
69	 8,5000000000e+000	 2,77697e+001	-2,50679e+000
70	 8,6250000000e+000	 2,99368e+001	-3,04781e+000
71	 8,7500000000e+000	 3,16399e+001	-3,61998e+000
72	 8,8750000000e+000	 3,39439e+001	-3,25353e+000
73	 9,0000000000e+000	 3,79772e+001	-1,44232e-001
74	 9,1250000000e+000	 4,19133e+001	-3,78510e+000
75	 9,2500000000e+000	 4,30302e+001	-4,54974e+000
76	 9,3750000000e+000	 5,14075e+001	-4,48029e+000
77	 9,5000000000e+000	 5,65436e+001	-5,36014e+000
78	 9,6250000000e+000	 6,44467e+001	-6,53010e+000
79	 9,7500000000e+000	 7,31535e+001	-1,11664e+001
80	 9,8750000000e+000	 8,63669e+001	-9,04540e+000
81	 1,0000000000e+001	 9,79718e+001	-1,23577e+001
82	 1,0125000000e+001	 1,06746e+002	-1,64761e+001
83	 1,0250000000e+001	 1,23999e+002	-2,11692e+001
84	 1,0375000000e+001	 1,53963e+002	-2,87604e+001
85	 1,0500000000e+001	 1,97767e+002	 3,21646e+000
86	 1,0625000000e+001	 2,51765e+002	 3,44340e+001
87	 1,0750000000e+001	 1,38562e+002	 2,47694e+002
88	 1,0875000000e+001	-5,04057e+002	 3,03061e+002
89	 1,1000000000e+001	-5,29509e+002	-1,64744e+001
90	 1,1125000000e+001	-3,38299e+002	-5,73808e+001
91	 1,1250000000e+001	-2,17744e+002	-1,80198e+001
92	 1,1375000000e+001	-1,80103e+002	-1,22836e+001
93	 1,1500000000e+001	-1,45784e+002	-3,29972e+000
94	 1,1625000000e+001	-1,43834e+002	 1,04953e+001
95	 1,1750000000e+001	-1,17004e+002	 9,92679e+000
96	 1,1875000000e+001	-9,97353e+001	-3,15778e-001
97	 1,2000000000e+001	-9,60255e+001	 3,38043e+000
98	 1,2125000000e+001	-8,69460e+001	 3,62801e+000
99	 1,2250000000e+001	-7,87421e+001	 3,70692e+000
100	 1,2375000000e+001	-7,67206e+001	 2,37527e+000
101	 1,2500000000e+001	-7,30977e+001	 1,20892e+000
102	 1,2625000000e+001	-6,93433e+001	 2,46070e+000
103	 1,2750000000e+001	-6,45967e+001	 1,89876e+000
104	 1,2875000000e+001	-6,07567e+001	 1,73912e+000
105	 1,3000000000e+001	-5,76413e+001	 2,18395e+000
106	 1,3125000000e+001	-5,60734e+001	 2,25010e+000
107	 1,3250000000e+001	-5,39942e+001	 1,87938e+000
108	 1,3375000000e+001	-5,17722e+001	 1,24971e+000
109	 1,3500000000e+001	-5,07883e+001	 6,99128e-001
110	 1,3625000000e+001	-4,81643e+001	 8,83883e-001
111	 1,3750000000e+001	-4,49886e+001	 1,77235e+000
112	 1,3875000000e+001	-4,52193e+001	 1,34241e+000
113	 1,4000000000e+001	-4,33690e+001	 1,55323e+000
114	 1,4125000000e+001	-4,20924e+001	 1,45036e+000
115	 1,4250000000e+001	-4,14456e+001	 1,73602e+000
116	 1,4375000000e+001	-4,03187e+001	 1,62004e+000
117	 1,4500000000e+001	-3,93697e+001	 1,47244e+000
118	 1,4625000000e+001	-3,89015e+001	 1,46890e+000
119	 1,4750000000e+001	-3,82965e+001	 1,48783e+000
120	 1,4875000000e+001	-3,72645e+001	 1,32534e+000
121	 1,5000000000e+001	-3,69274e+001	 1,35906e+000
122	 1,5125000000e+001	-3,58999e+001	 1,46224e+000
123	 1,5250000000e+001	-3,53342e+001	 1,32025e+000
124	 1,5375000000e+001	-3,50272e+001	 1,05052e+000
125	 1,5500000000e+001	-3,41867e+001	 8,83435e-001
126	 1,5625000000e+001	-3,34367e+001	 1,03031e+000
127	 1,5750000000e+001	-3,30343e+001	 1,13705e+000
128	 1,5875000000e+001	-3,25434e+001	 1,19285e+000
129	 1,6000000000e+001	-3,25688e+001	 1,38661e+000
130	 1,6125000000e+001	-3,18157e+001	 1,26079e+000
131	 1,6250000000e+001	-3,11934e+001	 1,11975e+000
132	 1,6375000000e+001	-3,08362e+001	 1,15483e+000
133	 1,6500000000e+001	-3,04778e+001	 1,11940e+000
134	 1,6625000000e+001	-3,03345e+001	 1,09324e+000
135	 1,6750000000e+001	-2,98858e+001	 9,36760e-001
136	 1,6875000000e+001	-2,95027e+001	 9,55472e-001
137	 1,7000000000e+001	-2,91951e+001	 1,05705e+000
138	 1,7125000000e+001	-2,90240e+001	 1,05880e+000
139	 1,7250000000e+001	-2,87928e+001	 1,08652e+000
140	 1,7375000000e+001	-2,86428e+001	 7,42186e-001
141	 1,7500000000e+001	-2,80889e+001	 9,63356e-001
142	 1,7625000000e+001	-2,77024e+001	 1,08140e+000
143	 1,7750000000e+001	-2,75286e+001	 1,06221e+000
144	 1,7875000000e+001	-2,74735e+001	 1,03649e+000
145	 1,8000000000e+001	-2,71482e+001	 1,02109e+000
146	 1,8125000000e+001	-2,70300e+001	 1,09829e+000
147	 1,8250000000e+001	-2,67962e+001	 1,11642e+000
148	 1,8375000000e+001	-2,66261e+001	 1,13093e+000
149	 1,8500000000e+001	-2,64652e+001	 9,82694e-001
150	 1,8625000000e+001	-2,61823e+001	 1,03511e+000
151	 1,8750000000e+001	-2,60378e+001	 1,12970e+000
152	 1,8875000000e+001	-2,56268e+001	 7,85283e-001
153	 1,9000000000e+001	-2,56213e+001	 9,54583e-001
154	 1,9125000000e+001	-2,52362e+001	 9,13786e-001
155	 1,9250000000e+001	-2,52002e+001	 9,83349e-001
156	 1,9375000000e+001	-2,51921e+001	 1,01678e+000
157	 1,9500000000e+001	-2,49760e+001	 8,96552e-001
158	 1,9625000000e+001	-2,47945e+001	 9,63685e-001
159	 1,9750000000e+001	-2,46856e+001	 8,75595e-001
160	 1,9875000000e+001	-2,45840e+001	 8,20219e-001
161	 2,0000000000e+001	-2,43399e+001	 8,52795e-001
162	 2,0125000000e+001	-2,41923e+001	 8,14119e-001
163	 2,0250000000e+001	-2,41421e+001	 8,01719e-001
164	 2,0375000000e+001	-2,39662e+001	 8,38555e-001
165	 2,0500000000e+001	-2,37970e+001	 8,86407e-001
166	 2,0625000000e+001	-2,37338e+001	 8,83484e-001
167	 2,0750000000e+001	-2,36610e+001	 8,64802e-001
168	 2,0875000000e+001	-2,34986e+001	 8,50236e-001
169	 2,1000000000e+001	-2,33949e+001	 8,45437e-001
170	 2,1125000000e+001	-2,32917e+001	 8,45617e-001
171	 2,1250000000e+001	-2,31155e+001	 8,19366e-001
172	 2,1375000000e+001	-2,30365e+001	 8,80441e-001
173	 2,1500000000e+001	-2,28367e+001	 9,08106e-001
174	 2,1625000000e+001	-2,27932e+001	 8,98517e-001
175	 2,1750000000e+001	-2,27195e+001	 8,73979e-001
176	 2,1875000000e+001	-2,26037e+001	 8,45869e-001
177	 2,2000000000e+001	-2,24997e+001	 8,22025e-001
178	 2,2125000000e+001	-2,24295e+001	 8,15565e-001
179	 2,2250000000e+001	-2,23342e+001	 8,21684e-001
180	 2,2375000000e+001	-2,22506e+001	 8,04219e-001
181	 2,2500000000e+001	-2,21731e+001	 8,15731e-001
182	 2,2625000000e+001	-2,21562e+001	 8,20185e-001
183	 2,2750000000e+001	-2,20228e+001	 7,90278e-001
184	 2,2875000000e+001	-2,19053e+001	 7,87214e-001
185	 2,3000000000e+001	-2,17978e+001	 7,82286e-001
186	 2,3125000000e+001	-2,16953e+001	 7,73470e-001
187	 2,3250000000e+001	-2,16650e+001	 8,05622e-001
188	 2,3375000000e+001	-2,15891e+001	 7,99129e-001
189	 2,3500000000e+001	-2,15195e+001	 7,77781e-001
190	 2,3625000000e+001	-2,14118e+001	 8,16840e-001
191	 2,3750000000e+001	-2,14042e+001	 8,00338e-001
192	 2,3875000000e+001	-2,12134e+001	 7,96877e-001
193	 2,4000000000e+001	-2,11918e+001	 7,98863e-001
194	 2,4125000000e+001	-2,11343e+001	 8,34405e-001
195	 2,4250000000e+001	-2,10733e+001	 8,31769e-001
196	 2,4375000000e+001	-2,10228e+001	 8,17069e-001
197	 2,4500000000e+001	-2,09210e+001	 7,64999e-001
198	 2,4625000000e+001	-2,09137e+001	 7,68934e-001
199	 2,4750000000e+001	-2,07191e+001	 7,63102e-001
200	 2,4875000000e+001	-2,07700e+001	 7,94215e-001
201	 2,5000000000e+001	-2,07098e+001	 8,18084e-001
202	 2,5125000000e+001	-2,06701e+001	 8,03205e-001
203	 2,5250000000e+001	-2,05786e+001	 7,93763e-001
204	 2,5375000000e+001	-2,05017e+001	 8,21364e-001
205	 2,5500000000e+001	-2,04145e+001	 8,08246e-001
206	 2,5625000000e+001	-2,03441e+001	 7,71355e-001
207	 2,5750000000e+001	-2,02832e+001	 7,32739e-001
208	 2,5875000000e+001	-2,01642e+001	 7,36881e-001
209	 2,6000000000e+001	-2,01529e+001	 7,51307e-001
210	 2,6125000000e+001	-2,00752e+001	 7,65977e-001
211	 2,6250000000e+001	-2,00344e+001	 7,65219e-001
212	 2,6375000000e+001	-2,00260e+001	 7,62481e-001
213	 2,6500000000e+001	-1,99709e+001	 7,29270e-001
214	 2,6625000000e+001	-1,98791e+001	 7,50078e-001
215	 2,6750000000e+001	-1,98322e+001	 7,24139e-001
216	 2,6875000000e+001	-1,97886e+001	 6,92099e-001
217	 2,7000000000e+001	-1,97492e+001	 6,66346e-001
218	 2,7125000000e+001	-1,96026e+001	 6,92896e-001
219	 2,7250000000e+001	-1,95945e+001	 6,70802e-001
220	 2,7375000000e+001	-1,95706e+001	 6,82426e-001
221	 2,7500000000e+001	-1,95484e+001	 6,40290e-001
222	 2,7625000000e+001	-1,95184e+001	 6,25410e-001
223	 2,7750000000e+001	-1,94163e+001	 6,41174e-001
224	 2,7875000000e+001	-1,93676e+001	 6,75914e-001
225	 2,8000000000e+001	-1,93596e+001	 6,75693e-001
226	 2,8125000000e+001	-1,93299e+001	 6,80521e-001
227	 2,8250000000e+001	-1,93454e+001	 6,42092e-001
228	 2,8375000000e+001	-1,91957e+001	 6,43526e-001
229	 2,8500000000e+001	-1,91761e+001	 6,55368e-001
230	 2,8625000000e+001	-1,91484e+001	 6,36128e-001
231	 2,8750000000e+001	-1,90803e+001	 6,42091e-001
232	 2,8875000000e+001	-1,90581e+001	 6,41559e-001
233	 2,9000000000e+001	-1,89768e+001	 6,43308e-001
234	 2,9125000000e+001	-1,89729e+001	 6,50047e-001
235	 2,9250000000e+001	-1,89161e+001	 6,49802e-001
236	 2,9375000000e+001	-1,88579e+001	 6,37456e-001
237	 2,9500000000e+001	-1,88204e+001	 6,37879e-001
238	 2,9625000000e+001	-1,87773e+001	 6,35875e-001
239	 2,9750000000e+001	-1,87553e+001	 6,44448e-001
240	 2,9875000000e+001	-1,87262e+001	 6,46196e-001
241	 3,0000000000e+001	-1,86415e+001	 6,05682e-001
242	 3,0125000000e+001	-1,86152e+001	 6,23360e-001
243	 3,0250000000e+001	-1,85619e+001	 6,42888e-001
244	 3,0375000000e+001	-1,85216e+001	 6,30177e-001
245	 3,0500000000e+001	-1,84966e+001	 6,31767e-001
246	 3,0625000000e+001	-1,84386e+001	 6,22165e-001
247	 3,0750000000e+001	-1,83926e+001	 6,02514e-001
248	 3,0875000000e+001	-1,83831e+001	 6,00777e-001
249	 3,1000000000e+001	-1,83241e+001	 5,83860e-001
250	 3,1125000000e+001	-1,82710e+001	 6,22825e-001
251	 3,1250000000e+001	-1,82550e+001	 6,09932e-001
252	 3,1375000000e+001	-1,82101e+001	 5,94892e-001
253	 3,1500000000e+001	-1,81817e+001	 5,76659e-001
254	 3,1625000000e+001	-1,81594e+001	 5,75157e-001
255	 3,1750000000e+001	-1,81101e+001	 5,71738e-001
256	 3,1875000000e+001	-1,80595e+001	 5,72937e-001
257	 3,2000000000e+001	-1,80509e+001	 5,66150e-001
258	 3,2125000000e+001	-1,79991e+001	 5,68717e-001
259	 3,2250000000e+001	-1,79385e+001	 5,46129e-001
260	 3,2375000000e+001	-1,79317e+001	 5,40252e-001
261	 3,2500000000e+001	-1,78988e+001	 5,50384e-001
262	 3,2625000000e+001	-1,78713e+001	 5,52918e-001
263	 3,2750000000e+001	-1,77991e+001	 5,45904e-001
264	 3,2875000000e+001	-1,77796e+001	 5,47848e-001
265	 3,3000000000e+001	-1,77418e+001	 5,57253e-001
266	 3,3125000000e+001	-1,76975e+001	 5,18521e-001
267	 3,3250000000e+001	-1,76803e+001	 5,10969e-001
268	 3,3375000000e+001	-1,76690e+001	 5,06464e-001
269	 3,3500000000e+001	-1,75694e+001	 5,11786e-001
270	 3,3625000000e+001	-1,75560e+001	 5,09565e-001
271	 3,3750000000e+001	-1,75485e+001	 5,03434e-001
272	 3,3875000000e+001	-1,75382e+001	 4,94110e-001
273	 3,4000000000e+001	-1,74730e+001	 4,77103e-001
274	 3,4125000000e+001	-1,74660e+001	 4,79972e-001
275	 3,4250000000e+001	-1,74244e+001	 5,06578e-001
276	 3,4375000000e+001	-1,73856e+001	 4,84574e-001
277	 3,4500000000e+001	-1,73767e+001	 4,87076e-001
278	 3,4625000000e+001	-1,73567e+001	 4,91907e-001
279	 3,4750000000e+001	-1,72899e+001	 4,96756e-001
280	 3,4875000000e+001	-1,72671e+001	 4,89226e-001
281	 3,5000000000e+001	-1,72395e+001	 5,10687e-001
282	 3,5125000000e+001	-1,72064e+001	 5,19645e-001
283	 3,5250000000e+001	-1,71446e+001	 5,33457e-001
284	 3,5375000000e+001	-1,71159e+001	 5,11010e-001
285	 3,5500000000e+001	-1,70813e+001	 4,98770e-001
286	 3,5625000000e+001	-1,70444e+001	 4,89918e-001
287	 3,5750000000e+001	-1,70196e+001	 4,72199e-001
288	 3,5875000000e+001	-1,69340e+001	 4,78028e-001
289	 3,6000000000e+001	-1,69362e+001	 4,77116e-001
290	 3,6125000000e+001	-1,69212e+001	 4,80704e-001
291	 3,6250000000e+001	-1,68648e+001	 4,87077e-001
292	 3,6375000000e+001	-1,68530e+001	 4,91114e-001
293	 3,6500000000e+001	-1,67890e+001	 4,86358e-001
294	 3,6625000000e+001	-1,67742e+001	 4,80652e-001
295	 3,6750000000e+001	-1,67498e+001	 4,67145e-001
296	 3,6875000000e+001	-1,67000e+001	 4,69808e-001
297	 3,7000000000e+001	-1,66886e+001	 4,61926e-001
298	 3,7125000000e+001	-1,66463e+001	 4,65456e-001
299	 3,7250000000e+001	-1,66083e+001	 4,61893e-001
300	 3,7375000000e+001	-1,65819e+001	 4,51548e-001
301	 3,7500000000e+001	-1,65523e+001	 4,54248e-001
302	 3,7625000000e+001	-1,64768e+001	 4,33457e-001
303	 3,7750000000e+001	-1,64657e+001	 4,72954e-001
304	 3,7875000000e+001	-1,64263e+001	 4,82909e-001
305	 3,8000000000e+001	-1,63809e+001	 4,53452e-001
306	 3,8125000000e+001	-1,63631e+001	 4,52746e-001
307	 3,8250000000e+001	-1,63528e+001	 4,47116e-001
308	 3,8375000000e+001	-1,62839e+001	 4,39229e-001
309	 3,8500000000e+001	-1,62533e+001	 4,50689e-001
310	 3,8625000000e+001	-1,62301e+001	 4,59204e-001
311	 3,8750000000e+001	-1,61915e+001	 4,56792e-001
312	 3,8875000000e+001	-1,61634e+001	 4,58974e-001
313	 3,9000000000e+001	-1,61033e+001	 4,39565e-001
314	 3,9125000000e+001	-1,60743e+001	 4,31255e-001
315	 3,9250000000e+001	-1,60511e+001	 4,30110e-001
316	 3,9375000000e+001	-1,60198e+001	 4,06440e-001
317	 3,9500000000e+001	-1,59555e+001	 3,94571e-001
318	 3,9625000000e+001	-1,59245e+001	 4,27521e-001
319	 3,9750000000e+001	-1,59111e+001	 4,26338e-001
320	 3,9875000000e+001	-1,58516e+001	 4,17026e-001
321	 4,0000000000e+001	-1,58184e+001	 4,29358e-001
322	 4,0125000000e+001	-1,58004e+001	 4,24447e-001
323	 4,0250000000e+001	-1,57669e+001	 4,12532e-001
324	 4,0375000000e+001	-1,57073e+001	 4,15350e-001
325	 4,0500000000e+001	-1,56742e+001	 4,13881e-001
326	 4,0625000000e+001	-1,56447e+001	 4,24787e-001
327	 4,0750000000e+001	-1,55745e+001	 4,04973e-001
328	 4,0875000000e+001	-1,55389e+001	 4,05289e-001
329	 4,1000000000e+001	-1,55255e+001	 4,08253e-001
330	 4,1125000000e+001	-1,55059e+001	 4,03792e-001
331	 4,1250000000e+001	-1,54366e+001	 4,02858e-001
332	 4,1375000000e+001	-1,54234e+001	 3,93063e-001
333	 4,1500000000e+001	-1,53989e+001	 3,67856e-001
334	 4,1625000000e+001	-1,53056e+001	 4,26221e-001
335	 4,1750000000e+001	-1,52872e+001	 4,10642e-001
336	 4,1875000000e+001	-1,52638e+001	 4,03819e-001
337	 4,2000000000e+001	-1,52339e+001	 3,92234e-001
338	 4,2125000000e+001	-1,51885e+001	 3,85505e-001
339	 4,2250000000e+001	-1,51261e+001	 3,89131e-001
340	 4,2375000000e+001	-1,50974e+001	 3,73416e-001
341	 4,2500000000e+001	-1,50641e+001	 3,77762e-001
342	 4,2625000000e+001	-1,50110e+001	 3,65480e-001
343	 4,2750000000e+001	-1,49947e+001	 3,75097e-001
344	 4,2875000000e+001	-1,49574e+001	 3,64794e-001
345	 4,3000000000e+001	-1,49197e+001	 3,59695e-001
346	 4,3125000000e+001	-1,48626e+001	 3,62093e-001
347	 4,3250000000e+001	-1,48082e+001	 3,72816e-001
348	 4,3375000000e+001	-1,47741e+001	 3,76077e-001
349	 4,3500000000e+001	-1,47516e+001	 3,35998e-001
350	 4,3625000000e+001	-1,46635e+001	 3,63028e-001
351	 4,3750000000e+001	-1,46535e+001	 3,87616e-001
352	 4,3875000000e+001	-1,46046e+001	 3,82046e-001
353	 4,4000000000e+001	-1,45703e+001	 3,64419e-001
354	 4,4125000000e+001	-1,45359e+001	 3,50118e-001
355	 4,4250000000e+001	-1,44923e+001	 3,45420e-001
356	 4,4375000000e+001	-1,44528e+001	 3,46807e-001
357	 4,4500000000e+001	-1,43972e+001	 3,36504e-001
358	 4,4625000000e+001	-1,43581e+001	 3,29451e-001
359	 4,4750000000e+001	-1,43214e+001	 3,28562e-001
360	 4,4875000000e+001	-1,42883e+001	 3,32936e-001
361	 4,5000000000e+001	-1,41345e+001	 3,05809e-001
362	 4,5125000000e+001	-1,41728e+001	 3,38893e-001
363	 4,5250000000e+001	-1,41228e+001	 3,42001e-001
364	 4,5375000000e+001	-1,40785e+001	 3,45508e-001
365	 4,5500000000e+001	-1,40441e+001	 3,36672e-001
366	 4,5625000000e+001	-1,39698e+001	 3,12936e-001
367	 4,5750000000e+001	-1,39515e+001	 3,19686e-001
368	 4,5875000000e+001	-1,38767e+001	 3,29061e-001
369	 4,6000000000e+001	-1,38377e+001	 3,18221e-001
370	 4,6125000000e+001	-1,37984e+001	 3,11251e-001
371	 4,6250000000e+001	-1,37673e+001	 3,18460e-001
372	 4,6375000000e+001	-1,37249e+001	 3,19554e-001
373	 4,6500000000e+001	-1,36858e+001	 3,43719e-001
374	 4,6625000000e+001	-1,36274e+001	 3,36017e-001
375	 4,6750000000e+001	-1,35339e+001	 3,06726e-001
376	 4,6875000000e+001	-1,35190e+001	 2,92900e-001
377	 4,7000000000e+001	-1,34313e+001	 2,94992e-001
378	 4,7125000000e+001	-1,34274e+001	 2,79192e-001
379	 4,7250000000e+001	-1,33316e+001	 2,75407e-001
380	 4,7375000000e+001	-1,32771e+001	 2,64310e-001
381	 4,7500000000e+001	-1,32328e+001	 2,76087e-001
382	 4,7625000000e+001	-1,32229e+001	 2,92872e-001
383	 4,7750000000e+001	-1,31395e+001	 2,91523e-001
384	 4,7875000000e+001	-1,30990e+001	 2,86511e-001
385	 4,8000000000e+001	-1,30414e+001	 2,63472e-001
386	 4,8125000000e+001	-1,29784e+001	 2,52682e-001
387	 4,8250000000e+001	-1,29255e+001	 2,55664e-001
388	 4,8375000000e+001	-1,28340e+001	 2,52446e-001
389	 4,8500000000e+001	-1,28179e+001	 2,60764e-001
390	 4,8625000000e+001	-1,27525e+001	 2,47135e-001
391	 4,8750000000e+001	-1,26577e+001	 2,33647e-001
392	 4,8875000000e+001	-1,26412e+001	 2,56760e-001
393	 4,9000000000e+001	-1,25270e+001	 2,31857e-001
394	 4,9125000000e+001	-1,25101e+001	 2,51203e-001
395	 4,9250000000e+001	-1,24599e+001	 2,38287e-001
396	 4,9375000000e+001	-1,23759e+001	 2,37492e-001
397	 4,9500000000e+001	-1,23220e+001	 2,34899e-001
398	 4,9625000000e+001	-1,22957e+001	 2,27796e-001
399	 4,9750000000e+001	-1,21965e+001	 2,66893e-001
400	 4,9875000000e+001	-1,21336e+001	 2,34525e-001
401	 5,0000000000e+001	-1,20770e+001	 2,15316e-001
402	 5,0125000000e+001	-1,19697e+001	 1,97946e-001
403	 5,0250000000e+001	-1,19428e+001	 1,83906e-001
404	 5,0375000000e+001	-1,18888e+001	 1,76077e-001
405	 5,0500000000e+001	-1,18191e+001	 9,00782e-002
406	 5,0625000000e+001	-1,17021e+001	 1,15605e-001
407	 5,0750000000e+001	-1,16368e+001	 1,34261e-001
408	 5,0875000000e+001	-1,16050e+001	 1,60643e-001
409	 5,1000000000e+001	-1,15775e+001	 1,84506e-001
410	 5,1125000000e+001	-1,14221e+001	 1,43324e-001
411	 5,1250000000e+001	-1,13732e+001	 1,40373e-001
412	 5,1375000000e+001	-1,13320e+001	 1,48789e-001
413	 5,1500000000e+001	-1,12423e+001	 1,52504e-001
414	 5,1625000000e+001	-1,11583e+001	 1,03080e-001
415	 5,1750000000e+001	-1,10986e+001	 1,16103e-001
416	 5,1875000000e+001	-1,10621e+001	 1,08810e-001
417	 5,2000000000e+001	-1,10173e+001	 1,13603e-001
418	 5,2125000000e+001	-1,09021e+001	 7,55306e-002
419	 5,2250000000e+001	-1,08470e+001	 8,76685e-002
420	 5,2375000000e+001	-1,07800e+001	 8,22060e-002
421	 5,2500000000e+001	-1,06529e+001	 7,60211e-002
422	 5,2625000000e+001	-1,05865e+001	 6,00272e-002
423	 5,2750000000e+001	-1,05621e+001	 4,73685e-002
424	 5,2875000000e+001	-1,04056e+001	 7,54656e-002
425	 5,3000000000e+001	-1,03414e+001	 4,91555e-002
426	 5,3125000000e+001	-1,02908e+001	 6,67581e-002
427	 5,3250000000e+001	-1,01495e+001	 4,04361e-002
428	 5,3375000000e+001	-1,01007e+001	 2,61196e-002
429	 5,3500000000e+001	-1,00226e+001	 3,95660e-002
430	 5,3625000000e+001	-9,86284e+000	 6,24188e-002
431	 5,3750000000e+001	-9,79562e+000	 1,69524e-003
432	 5,3875000000e+001	-9,71051e+000	 6,46118e-003
433	 5,4000000000e+001	-9,62674e+000	 1,83362e-002
434	 5,4125000000e+001	-9,51767e+000	 7,61243e-002
435	 5,4250000000e+001	-9,40430e+000	 9,28709e-003
436	 5,4375000000e+001	-9,36103e+000	-4,99946e-003
437	 5,4500000000e+001	-9,23573e+000	 7,52020e-003
438	 5,4625000000e+001	-9,13722e+000	 5,46303e-003
439	 5,4750000000e+001	-9,08397e+000	 6,77111e-003
440	 5,4875000000e+001	-8,91299e+000	 3,24057e-002
441	 5,5000000000e+001	-8,82350e+000	-1,29674e-003
442	 5,5125000000e+001	-8,74372e+000	-2,62227e-002
443	 5,5250000000e+001	-8,67283e+000	-1,26280e-001
444	 5,5375000000e+001	-8,44181e+000	 3,75791e-002
445	 5,5500000000e+001	-8,36231e+000	-8,25064e-003
446	 5,5625000000e+001	-8,30263e+000	-2,33375e-002
447	 5,5750000000e+001	-8,16587e+000	-1,85175e-002
448	 5,5875000000e+001	-8,02023e+000	-8,11068e-002
449	 5,6000000000e+001	-7,91610e+000	-7,13840e-002
450	 5,6125000000e+001	-7,78982e+000	-1,19000e-001
451	 5,6250000000e+001	-7,71323e+000	-1,32006e-001
452	 5,6375000000e+001	-7,54630e+000	-1,20333e-001
453	 5,6500000000e+001	-7,38502e+000	-1,21902e-001
454	 5,6625000000e+001	-7,31638e+000	-1,05152e-001
455	 5,6750000000e+001	-7,20088e+000	-1,19585e-001
456	 5,6875000000e+001	-7,02403e+000	-1,49796e-001
457	 5,7000000000e+001	-6,86255e+000	-1,92522e-001
458	 5,7125000000e+001	-6,76818e+000	-1,76752e-001
459	 5,7250000000e+001	-6,62522e+000	-1,61844e-001
460	 5,7375000000e+001	-6,52430e+000	-1,83462e-001
461	 5,7500000000e+001	-6,30569e+000	-2,18912e-001
462	 5,7625000000e+001	-6,18128e+000	-1,82763e-001
463	 5,7750000000e+001	-5,98945e+000	-1,83796e-001
464	 5,7875000000e+001	-5,87101e+000	-2,23891e-001
465	 5,8000000000e+001	-5,73695e+000	-2,33812e-001
466	 5,8125000000e+001	-5,48723e+000	-2,21599e-001
467	 5,8250000000e+001	-5,38854e+000	-2,56379e-001
468	 5,8375000000e+001	-5,25356e+000	-2,45707e-001
469	 5,8500000000e+001	-5,01890e+000	-2,79110e-001
470	 5,8625000000e+001	-4,89648e+000	-2,37458e-001
471	 5,8750000000e+001	-4,71417e+000	-2,58267e-001
472	 5,8875000000e+001	-4,52524e+000	-3,25453e-001
473	 5,9000000000e+001	-4,31771e+000	-3,31685e-001
474	 5,9125000000e+001	-4,23985e+000	-3,34124e-001
475	 5,9250000000e+001	-3,90259e+000	-4,01525e-001
476	 5,9375000000e+001	-3,74821e+000	-5,81870e-001
477	 5,9500000000e+001	-3,49643e+000	-4,54324e-001
478	 5,9625000000e+001	-3,39442e+000	-4,60168e-001
479	 5,9750000000e+001	-3,21718e+000	-4,69341e-001
480	 5,9875000000e+001	-2,92809e+000	-5,36772e-001
481	 6,0000000000e+001	-2,61790e+000	-6,19099e-001
482	 6,0125000000e+001	-2,47216e+000	-5,43943e-001
483	 6,0250000000e+001	-2,29224e+000	-5,02762e-001
484	 6,0375000000e+001	-2,13221e+000	-5,14603e-001
485	 6,0500000000e+001	-1,82315e+000	-6,68296e-001
486	 6,0625000000e+001	-1,56668e+000	-6,25700e-001
487	 6,0750000000e+001	-1,16990e+000	-6,87645e-001
488	 6,0875000000e+001	-9,86416e-001	-6,55788e-001
489	 6,1000000000e+001	-7,52640e-001	-7,01607e-001
490	 6,1125000000e+001	-6,16471e-001	-6,83719e-001
491	 6,1250000000e+001	-2,70977e-001	-6,98504e-001
492	 6,1375000000e+001	 2,30400e-002	-7,75746e-001
493	 6,1500000000e+001	 3,92582e-001	-8,44669e-001
494	 6,1625000000e+001	 5,92551e-001	-7,98069e-001
495	 6,1750000000e+001	 1,09265e+000	-9,28093e-001
496	 6,1875000000e+001	 1,28842e+000	-9,44052e-001
497	 6,2000000000e+001	 1,41356e+000	-9,68463e-001
498	 6,2125000000e+001	 2,08325e+000	-1,01900e+000
499	 6,2250000000e+001	 2,29099e+000	-9,83183e-001
500	 6,2375000000e+001	 2,69643e+000	-9,88200e-001
501	 6,2500000000e+001	 2,93555e+000	-1,03311e+000
502	 6,2625000000e+001	 3,15490e+000	-1,06115e+000
503	 6,2750000000e+001	 3,84778e+000	-1,33939e+000
504	 6,2875000000e+001	 4,14445e+000	-1,25186e+000
505	 6,3000000000e+001	 4,92736e+000	-1,28586e+000
506	 6,3125000000e+001	 5,18073e+000	-1,28309e+000
507	 6,3250000000e+001	 5,36601e+000	-1,39663e+000
508	 6,3375000000e+001	 5,81861e+000	-1,37120e+000
509	 6,3500000000e+001	 6,17553e+000	-1,60639e+000
510	 6,3625000000e+001	 7,04110e+000	-1,60729e+000
511	 6,3750000000e+001	 7,38146e+000	-1,56572e+000
512	 6,3875000000e+001	 7,90902e+000	-1,72184e+000
513	 6,4000000000e+001	 8,39373e+000	-1,74291e+000
514	 6,4125000000e+001	 8,90942e+000	-1,77348e+000
515	 6,4250000000e+001	 9,41137e+000	-2,00314e+000
516	 6,4375000000e+001	 1,02714e+001	-2,02163e+000
517	 6,4500000000e+001	 1,06932e+001	-2,01983e+000
518	 6,4625000000e+001	 1,14600e+001	-2,04821e+000
519	 6,4750000000e+001	 1,21221e+001	-2,24401e+000
520	 6,4875000000e+001	 1,26777e+001	-2,24523e+000
521	 6,5000000000e+001	 1,36669e+001	-2,59839e+000
522	 6,5125000000e+001	 1,39899e+001	-2,73545e+000
523	 6,5250000000e+001	 1,54338e+001	-2,88940e+000
524	 6,5375000000e+001	 1,56653e+001	-2,98145e+000
525	 6,5500000000e+001	 1,70040e+001	-3,26682e+000
526	 6,5625000000e+001	 1,74659e+001	-3,33040e+000
527	 6,5750000000e+001	 1,87066e+001	-3,61490e+000
528	 6,5875000000e+001	 1,98323e+001	-3,70992e+000
529	 6,6000000000e+001	 2,05891e+001	-3,67244e+000
530	 6,6125000000e+001	 2,13616e+001	-4,00900e+000
531	 6,6250000000e+001	 2,26388e+001	-4,27706e+000
532	 6,6375000000e+001	 2,45734e+001	-4,49530e+000
533	 6,6500000000e+001	 2,59036e+001	-4,97013e+000
534	 6,6625000000e+001	 2,60972e+001	-5,05609e+000
535	 6,6750000000e+001	 2,89112e+001	-5,60422e+000
536	 6,6875000000e+001	 2,96320e+001	-6,14572e+000
537	 6,7000000000e+001	 3,07572e+001	-6,21482e+000
538	 6,7125000000e+001	 3,24899e+001	-8,18144e+000
539	 6,7250000000e+001	 3,51725e+001	-8,15252e+000
540	 6,7375000000e+001	 3,67323e+001	-7,64320e+000
541	 6,7500000000e+001	 3,93622e+001	-8,96308e+000
542	 6,7625000000e+001	 4,22504e+001	-1,04678e+001
543	 6,7750000000e+001	 4,29384e+001	-9,94172e+000
544	 6,7875000000e+001	 4,51829e+001	-1,09594e+001
545	 6,8000000000e+001	 5,01645e+001	-1,15069e+001
546	 6,8125000000e+001	 5,13171e+001	-1,22804e+001
547	 6,8250000000e+001	 5,57400e+001	-1,48701e+001
548	 6,8375000000e+001	 5,83588e+001	-1,65796e+001
549	 6,8500000000e+001	 6,10329e+001	-1,89958e+001
550	 6,8625000000e+001	 6,71470e+001	-2,02289e+001
551	 6,8750000000e+001	 6,92448e+001	-2,15211e+001
552	 6,8875000000e+001	 7,85093e+001	-2,20151e+001
553	 6,9000000000e+001	 8,49233e+001	-2,56433e+001
554	 6,9125000000e+001	 8,76294e+001	-3,16404e+001
555	 6,9250000000e+001	 9,17401e+001	-3,80001e+001
556	 6,9375000000e+001	 1,04977e+002	-4,33120e+001
557	 6,9500000000e+001	 1,13350e+002	-5,16665e+001
558	 6,9625000000e+001	 1,19052e+002	-5,64039e+001
559	 6,9750000000e+001	 1,28733e+002	-6,93148e+001
560	 6,9875000000e+001	 1,38136e+002	-7,95371e+001
561	 7,0000000000e+001	 1,43753e+002	-9,78820e+001
562	 7,0125000000e+001	 1,61470e+002	-1,28085e+002
563	 7,0250000000e+001	 1,73816e+002	-1,50303e+002
564	 7,0375000000e+001	 2,02761e+002	-2,01203e+002
565	 7,0500000000e+001	 1,75589e+002	-2,46165e+002
566	 7,0625000000e+001	 1,14061e+002	-3,03437e+002
567	 7,0750000000e+001	 1,82807e+001	-3,09373e+002
568	 7,0875000000e+001	-3,76149e+001	-3,70788e+002
569	 7,1000000000e+001	-6,88965e+001	-3,58263e+002
570	 7,1125000000e+001	-1,68010e+002	-2,98307e+002
571	 7,1250000000e+001	-1,75832e+002	-2,68178e+002
572	 7,1375000000e+001	-2,16773e+002	-1,93986e+002
573	 7,1500000000e+001	-2,22663e+002	-1,71591e+002
574	 7,1625000000e+001	-2,14576e+002	-1,45873e+002
575	 7,1750000000e+001	-1,96075e+002	-1,02493e+002
576	 7,1875000000e+001	-1,87860e+002	-8,91582e+001
577	 7,2000000000e+001	-1,73119e+002	-7,36026e+001
578	 7,2125000000e+001	-1,61287e+002	-6,78668e+001
579	 7,2250000000e+001	-1,52378e+002	-5,29127e+001
580	 7,2375000000e+001	-1,49026e+002	-4,63145e+001
581	 7,2500000000e+001	-1,42368e+002	-3,96011e+001
582	 7,2625000000e+001	-1,37022e+002	-3,47716e+001
583	 7,2750000000e+001	-1,26559e+002	-2,97201e+001
584	 7,2875000000e+001	-1,23378e+002	-2,94189e+001
585	 7,3000000000e+001	-1,17328e+002	-2,55588e+001
586	 7,3125000000e+001	-1,08740e+002	-2,06034e+001
587	 7,3250000000e+001	-1,07739e+002	-1,95012e+001
588	 7,3375000000e+001	-1,03306e+002	-1,85757e+001
589	 7,3500000000e+001	-9,95375e+001	-1,68173e+001
590	 7,3625000000e+001	-9,82473e+001	-1,67309e+001
591	 7,3750000000e+001	-9,15143e+001	-1,22191e+001
592	 7,3875000000e+001	-8,94921e+001	-1,18163e+001
593	 7,4000000000e+001	-8,88744e+001	-1,13522e+001
594	 7,4125000000e+001	-8,59453e+001	-9,89114e+000
595	 7,4250000000e+001	-8,34587e+001	-8,91225e+000
596	 7,4375000000e+001	-8,17641e+001	-8,20026e+000
597	 7,4500000000e+001	-8,00561e+001	-8,01121e+000
598	 7,4625000000e+001	-7,72995e+001	-6,94862e+000
599	 7,4750000000e+001	-7,57078e+001	-6,93409e+000
600	 7,4875000000e+001	-7,34089e+001	-6,20465e+000
601	 7,5000000000e+001	-7,26584e+001	-6,09160e+000
602	 7,5125000000e+001	-7,20427e+001	-5,52117e+000
603	 7,5250000000e+001	-6,98726e+001	-5,18155e+000
604	 7,5375000000e+001	-6,79934e+001	-4,99347e+000
605	 7,5500000000e+001	-6,73269e+001	-4,47567e+000
606	 7,5625000000e+001	-6,58771e+001	-4,84493e+000
607	 7,5750000000e+001	-6,46809e+001	-4,16388e+000
608	 7,5875000000e+001	-6,36987e+001	-3,74118e+000
609	 7,6000000000e+001	-6,25241e+001	-4,52365e+000
610	 7,6125000000e+001	-6,15861e+001	-3,76801e+000
611	 7,6250000000e+001	-6,03846e+001	-3,38944e+000
612	 7,6375000000e+001	-6,03135e+001	-3,27652e+000
613	 7,6500000000e+001	-5,93289e+001	-3,53894e+000
614	 7,6625000000e+001	-5,85188e+001	-3,11244e+000
615	 7,6750000000e+001	-5,79502e+001	-3,25632e+000
616	 7,6875000000e+001	-5,67259e+001	-2,62882e+000
617	 7,7000000000e+001	-5,61314e+001	-2,45660e+000
618	 7,7125000000e+001	-5,57884e+001	-2,14038e+000
619	 7,7250000000e+001	-5,50183e+001	-1,97524e+000
620	 7,7375000000e+001	-5,42461e+001	-1,98052e+000
621	 7,7500000000e+001	-5,37891e+001	-2,25496e+000
622	 7,7625000000e+001	-5,26466e+001	-1,91623e+000
623	 7,7750000000e+001	-5,23376e+001	-1,87098e+000
624	 7,7875000000e+001	-5,13519e+001	-1,74352e+000
625	 7,8000000000e+001	-5,11777e+001	-1,66761e+000
626	 7,8125000000e+001	-5,09173e+001	-1,53624e+000
627	 7,8250000000e+001	-5,02031e+001	-1,48295e+000
628	 7,8375000000e+001	-4,98850e+001	-1,49465e+000
629	 7,8500000000e+001	-4,92227e+001	-1,31740e+000
630	 7,8625000000e+001	-4,85866e+001	-1,26236e+000
631	 7,8750000000e+001	-4,82942e+001	-1,20775e+000
632	 7,8875000000e+001	-4,80199e+001	-1,14153e+000
633	 7,9000000000e+001	-4,77039e+001	-1,05921e+000
634	 7,9125000000e+001	-4,74520e+001	-1,14770e+000
635	 7,9250000000e+001	-4,67940e+001	-9,84758e-001
636	 7,9375000000e+001	-4,63136e+001	-8,62994e-001
637	 7,9500000000e+001	-4,60844e+001	-7,37150e-001
638	 7,9625000000e+001	-4,57703e+001	-6,67338e-001
639	 7,9750000000e+001	-4,53397e+001	-6,94414e-001
640	 7,9875000000e+001	-4,51546e+001	-7,67449e-001
641	 8,0000000000e+001	-4,47079e+001	-5,45165e-001
642	 8,0125000000e+001	-4,43562e+001	-5,03814e-001
643	 8,0250000000e+001	-4,42924e+001	-4,77477e-001
644	 8,0375000000e+001	-4,37656e+001	-6,09032e-001
645	 8,0500000000e+001	-4,33643e+001	-5,58207e-001
646	 8,0625000000e+001	-4,31961e+001	-5,98019e-001
647	 8,0750000000e+001	-4,30088e+001	-5,86086e-001
648	 8,0875000000e+001	-4,26991e+001	-3,40093e-001
649	 8,1000000000e+001	-4,23675e+001	-2,56879e-001
650	 8,1125000000e+001	-4,23005e+001	-2,19431e-001
651	 8,1250000000e+001	-4,17712e+001	-4,20668e-001
652	 8,1375000000e+001	-4,14252e+001	-3,19753e-001
653	 8,1500000000e+001	-4,13261e+001	-2,56282e-001
654	 8,1625000000e+001	-4,09780e+001	-2,31377e-001
655	 8,1750000000e+001	-4,07325e+001	-1,58122e-001
656	 8,1875000000e+001	-4,04745e+001	-2,62258e-001
657	 8,2000000000e+001	-4,03313e+001	-2,91709e-001
658	 8,2125000000e+001	-4,01410e+001	-1,62789e-001
659	 8,2250000000e+001	-3,99204e+001	-1,23241e-001
660	 8,2375000000e+001	-3,96897e+001	-1,97194e-001
661	 8,2500000000e+001	-3,94388e+001	-1,88427e-001
662	 8,2625000000e+001	-3,93457e+001	-1,18196e-001
663	 8,2750000000e+001	-3,91269e+001	 3,83775e-002
664	 8,2875000000e+001	-3,88705e+001	-8,26546e-002
665	 8,3000000000e+001	-3,87832e+001	-5,38137e-002
666	 8,3125000000e+001	-3,85782e+001	 1,93081e-002
667	 8,3250000000e+001	-3,84166e+001	-4,84702e-002
668	 8,3375000000e+001	-3,82985e+001	-7,44596e-002
669	 8,3500000000e+001	-3,80716e+001	-2,66017e-002
670	 8,3625000000e+001	-3,78403e+001	-5,64098e-002
671	 8,3750000000e+001	-3,77063e+001	 7,36106e-003
672	 8,3875000000e+001	-3,76342e+001	 2,48598e-002
673	 8,4000000000e+001	-3,73663e+001	 2,58446e-002
674	 8,4125000000e+001	-3,71997e+001	 8,47929e-003
675	 8,4250000000e+001	-3,70846e+001	 6,68511e-002
676	 8,4375000000e+001	-3,69621e+001	 4,86213e-002
677	 8,4500000000e+001	-3,68683e+001	 2,29128e-003
678	 8,4625000000e+001	-3,66887e+001	 2,46150e-002
679	 8,4750000000e+001	-3,64881e+001	 6,81715e-002
680	 8,4875000000e+001	-3,63435e+001	 2,54688e-002
681	 8,5000000000e+001	-3,62332e+001	 9,43492e-002
682	 8,5125000000e+001	-3,61446e+001	 4,52423e-002
683	 8,5250000000e+001	-3,58805e+001	 4,78054e-002
684	 8,5375000000e+001	-3,57285e+001	 9,62864e-002
685	 8,5500000000e+001	-3,56879e+001	 1,23881e-001
686	 8,5625000000e+001	-3,56225e+001	 1,00642e-001
687	 8,5750000000e+001	-3,54919e+001	 1,05095e-001
688	 8,5875000000e+001	-3,53128e+001	 1,29751e-001
689	 8,6000000000e+001	-3,52642e+001	 1,45548e-001
690	 8,6125000000e+001	-3,50423e+001	 1,89671e-001
691	 8,6250000000e+001	-3,48855e+001	 1,68509e-001
692	 8,6375000000e+001	-3,48685e+001	 1,36382e-001
693	 8,6500000000e+001	-3,47282e+001	 1,40881e-001
694	 8,6625000000e+001	-3,46640e+001	 1,18923e-001
695	 8,6750000000e+001	-3,45543e+001	 1,86473e-001
696	 8,6875000000e+001	-3,43550e+001	 1,72039e-001
697	 8,7000000000e+001	-3,42811e+001	 1,62092e-001
698	 8,7125000000e+001	-3,41969e+001	 1,87506e-001
699	 8,7250000000e+001	-3,40976e+001	 2,20769e-001
700	 8,7375000000e+001	-3,39930e+001	 2,41059e-001
701	 8,7500000000e+001	-3,39786e+001	 2,20577e-001
702	 8,7625000000e+001	-3,39305e+001	 1,87690e-001
703	 8,7750000000e+001	-3,36433e+001	 1,98897e-001
704	 8,7875000000e+001	-3,36226e+001	 2,38359e-001
705	 8,8000000000e+001	-3,34838e+001	 1,62274e-001
706	 8,8125000000e+001	-3,34039e+001	 1,72949e-001
707	 8,8250000000e+001	-3,33478e+001	 2,42579e-001
708	 8,8375000000e+001	-3,32225e+001	 2,87845e-001
709	 8,8500000000e+001	-3,31703e+001	 1,52650e-001
710	 8,8625000000e+001	-3,30351e+001	 2,41443e-001
711	 8,8750000000e+001	-3,29496e+001	 2,46863e-001
712	 8,8875000000e+001	-3,28820e+001	 2,28160e-001
713	 8,9000000000e+001	-3,28179e+001	 2,23043e-001
714	 8,9125000000e+001	-3,27457e+001	 2,28844e-001
715	 8,9250000000e+001	-3,26374e+001	 2,47748e-001
716	 8,9375000000e+001	-3,25424e+001	 2,72415e-001
717	 8,9500000000e+001	-3,24415e+001	 2,61679e-001
718	 8,9625000000e+001	-3,23724e+001	 2,60218e-001
719	 8,9750000000e+001	-3,23651e+001	 2,46549e-001
720	 8,9875000000e+001	-3,21376e+001	 2,57759e-001
721	 9,0000000000e+001	-3,21019e+001	 2,62866e-001
722	 9,0125000000e+001	-3,20421e+001	 2,79847e-001
723	 9,0250000000e+001	-3,19973e+001	 2,96443e-001
724	 9,0375000000e+001	-3,19043e+001	 2,99067e-001
725	 9,0500000000e+001	-3,18491e+001	 2,97239e-001
726	 9,0625000000e+001	-3,17769e+001	 2,87525e-001
727	 9,0750000000e+001	-3,17073e+001	 2,71009e-001
728	 9,0875000000e+001	-3,16298e+001	 2,82447e-001
729	 9,1000000000e+001	-3,15472e+001	 3,10278e-001
730	 9,1125000000e+001	-3,14702e+001	 2,99537e-001
731	 9,1250000000e+001	-3,14033e+001	 2,85611e-001
732	 9,1375000000e+001	-3,14184e+001	 3,13992e-001
733	 9,1500000000e+001	-3,12982e+001	 2,79775e-001
734	 9,1625000000e+001	-3,11656e+001	 3,02497e-001
735	 9,1750000000e+001	-3,10927e+001	 3,06201e-001
736	 9,1875000000e+001	-3,10911e+001	 2,63802e-001
737	 9,2000000000e+001	-3,10772e+001	 3,82522e-001
738	 9,2125000000e+001	-3,10092e+001	 3,72358e-001
739	 9,2250000000e+001	-3,09257e+001	 3,58432e-001
740	 9,2375000000e+001	-3,08610e+001	 3,40545e-001
741	 9,2500000000e+001	-3,08279e+001	 3,50207e-001
742	 9,2625000000e+001	-3,07725e+001	 3,64968e-001
743	 9,2750000000e+001	-3,06482e+001	 3,63413e-001
744	 9,2875000000e+001	-3,05978e+001	 3,69356e-001
745	 9,3000000000e+001	-3,05336e+001	 3,73645e-001
746	 9,3125000000e+001	-3,05040e+001	 3,52497e-001
747	 9,3250000000e+001	-3,04152e+001	 3,14242e-001
748	 9,3375000000e+001	-3,03427e+001	 3,41843e-001
749	 9,3500000000e+001	-3,03407e+001	 3,73133e-001
750	 9,3625000000e+001	-3,02724e+001	 3,66173e-001
751	 9,3750000000e+001	-3,02200e+001	 3,41388e-001
752	 9,3875000000e+001	-3,01271e+001	 3,74046e-001
753	 9,4000000000e+001	-3,00694e+001	 3,80548e-001
754	 9,4125000000e+001	-3,00738e+001	 3,63210e-001
755	 9,4250000000e+001	-3,00505e+001	 3,74834e-001
756	 9,4375000000e+001	-2,99291e+001	 4,45583e-001
757	 9,4500000000e+001	-2,98793e+001	 3,84996e-001
758	 9,4625000000e+001	-2,98732e+001	 4,31302e-001
759	 9,4750000000e+001	-2,97972e+001	 3,99723e-001
760	 9,4875000000e+001	-2,97254e+001	 4,00487e-001
761	 9,5000000000e+001	-2,97112e+001	 4,09040e-001
762	 9,5125000000e+001	-2,96229e+001	 4,41501e-001
763	 9,5250000000e+001	-2,95701e+001	 4,20001e-001
764	 9,5375000000e+001	-2,95242e+001	 3,98785e-001
765	 9,5500000000e+001	-2,94893e+001	 4,00179e-001
766	 9,5625000000e+001	-2,94207e+001	 3,82923e-001
767	 9,5750000000e+001	-2,93609e+001	 4,12875e-001
768	 9,5875000000e+001	-2,93420e+001	 4,29282e-001
769	 9,6000000000e+001	-2,92635e+001	 4,49858e-001
770	 9,6125000000e+001	-2,92141e+001	 4,52985e-001
771	 9,6250000000e+001	-2,91813e+001	 4,36419e-001
772	 9,6375000000e+001	-2,91292e+001	 4,45773e-001
773	 9,6500000000e+001	-2,90530e+001	 4,38438e-001
774	 9,6625000000e+001	-2,90069e+001	 4,32885e-001
775	 9,6750000000e+001	-2,89471e+001	 4,77824e-001
776	 9,6875000000e+001	-2,89484e+001	 4,96749e-001
777	 9,7000000000e+001	-2,89076e+001	 4,82605e-001
778	 9,7125000000e+001	-2,88185e+001	 4,57722e-001
779	 9,7250000000e+001	-2,88068e+001	 4,53331e-001
780	 9,7375000000e+001	-2,87763e+001	 4,26621e-001
781	 9,7500000000e+001	-2,87504e+001	 4,36291e-001
782	 9,7625000000e+001	-2,86847e+001	 4,78811e-001
783	 9,7750000000e+001	-2,86055e+001	 4,51067e-001
784	 9,7875000000e+001	-2,85418e+001	 4,35200e-001
785	 9,8000000000e+001	-2,85074e+001	 4,44148e-001
786	 9,8125000000e+001	-2,84995e+001	 4,49426e-001
787	 9,8250000000e+001	-2,84545e+001	 3,82998e-001
788	 9,8375000000e+001	-2,83824e+001	 4,77709e-001
789	 9,8500000000e+001	-2,82967e+001	 4,86561e-001
790	 9,8625000000e+001	-2,83012e+001	 4,73758e-001
791	 9,8750000000e+001	-2,82178e+001	 4,87448e-001
792	 9,8875000000e+001	-2,82350e+001	 4,95070e-001
793	 9,9000000000e+001	-2,81295e+001	 4,41735e-001
794	 9,9125000000e+001	-2,81164e+001	 4,52446e-001
795	 9,9250000000e+001	-2,80601e+001	 4,56614e-001
796	 9,9375000000e+001	-2,80262e+001	 4,73173e-001
797	 9,9500000000e+001	-2,79298e+001	 5,25313e-001
798	 9,9625000000e+001	-2,78802e+001	 4,77649e-001
799	 9,9750000000e+001	-2,78928e+001	 4,71167e-001
800	 9,9875000000e+001	-2,78414e+001	 4,49188e-001
801	 1,0000000000e+002	-2,77573e+001	 4,58050e-001
802	 1,0012500000e+002	-2,77111e+001	 4,68260e-001
803	 1,0025000000e+002	-2,76691e+001	 5,03048e-001
804	 1,0037500000e+002	-2,76196e+001	 4,81633e-001
805	 1,0050000000e+002	-2,75824e+001	 4,76598e-001
806	 1,0062500000e+002	-2,75471e+001	 4,55135e-001
807	 1,0075000000e+002	-2,74961e+001	 4,74802e-001
808	 1,0087500000e+002	-2,74594e+001	 4,67687e-001
809	 1,0100000000e+002	-2,74104e+001	 4,80139e-001
810	 1,0112500000e+002	-2,73645e+001	 4,54772e-001
811	 1,0125000000e+002	-2,73180e+001	 4,31653e-001
812	 1,0137500000e+002	-2,72309e+001	 3,99799e-001
813	 1,0150000000e+002	-2,72177e+001	 4,08041e-001
814	 1,0162500000e+002	-2,71941e+001	 4,37042e-001
815	 1,0175000000e+002	-2,71332e+001	 4,16712e-001
816	 1,0187500000e+002	-2,70689e+001	 4,53859e-001
817	 1,0200000000e+002	-2,70335e+001	 4,64407e-001
818	 1,0212500000e+002	-2,69825e+001	 4,21033e-001
819	 1,0225000000e+002	-2,69537e+001	 3,98621e-001
820	 1,0237500000e+002	-2,68869e+001	 3,90619e-001
821	 1,0250000000e+002	-2,68469e+001	 3,52277e-001
822	 1,0262500000e+002	-2,67793e+001	 3,20245e-001
823	 1,0275000000e+002	-2,67188e+001	 3,32706e-001
824	 1,0287500000e+002	-2,66413e+001	 2,84697e-001
825	 1,0300000000e+002	-2,65945e+001	 2,82990e-001
826	 1,0312500000e+002	-2,65476e+001	 2,82769e-001
827	 1,0325000000e+002	-2,65169e+001	 2,71473e-001
828	 1,0337500000e+002	-2,64502e+001	 2,60239e-001
829	 1,0350000000e+002	-2,64164e+001	 1,42347e-001
830	 1,0362500000e+002	-2,63896e+001	 1,11232e-001
831	 1,0375000000e+002	-2,62653e+001	 9,81620e-002
832	 1,0387500000e+002	-2,62733e+001	 7,45736e-002
833	 1,0400000000e+002	-2,62288e+001	 4,23458e-002
834	 1,0412500000e+002	-2,62128e+001	 1,13988e-002
835	 1,0425000000e+002	-2,61239e+001	-6,43967e-002
836	 1,0437500000e+002	-2,60741e+001	-7,35112e-002
837	 1,0450000000e+002	-2,60501e+001	-1,74767e-001
838	 1,0462500000e+002	-2,60308e+001	-1,98648e-001
839	 1,0475000000e+002	-2,60024e+001	-2,18185e-001
840	 1,0487500000e+002	-2,59355e+001	-3,27319e-001
841	 1,0500000000e+002	-2,59265e+001	-3,89767e-001
842	 1,0512500000e+002	-2,58837e+001	-4,71334e-001
843	 1,0525000000e+002	-2,59369e+001	-5,62232e-001
844	 1,0537500000e+002	-2,59798e+001	-6,24710e-001
845	 1,0550000000e+002	-2,59830e+001	-6,14557e-001
846	 1,0562500000e+002	-2,59764e+001	-6,91164e-001
847	 1,0575000000e+002	-2,61206e+001	-7,53549e-001
848	 1,0587500000e+002	-2,61268e+001	-8,65470e-001
849	 1,0600000000e+002	-2,61446e+001	-8,92252e-001
850	 1,0612500000e+002	-2,61617e+001	-9,16097e-001
851	 1,0625000000e+002	-2,63364e+001	-8,93708e-001
852	 1,0637500000e+002	-2,63470e+001	-9,15289e-001
853	 1,0650000000e+002	-2,63849e+001	-9,21705e-001
854	 1,0662500000e+002	-2,64090e+001	-8,78196e-001
855	 1,0675000000e+002	-2,64535e+001	-8,48222e-001
856	 1,0687500000e+002	-2,65344e+001	-8,10301e-001
857	 1,0700000000e+002	-2,65500e+001	-7,95935e-001
858	 1,0712500000e+002	-2,64651e+001	-7,40149e-001
859	 1,0725000000e+002	-2,65234e+001	-6,65385e-001
860	 1,0737500000e+002	-2,65440e+001	-6,98528e-001
861	 1,0750000000e+002	-2,65591e+001	-7,00324e-001
862	 1,0762500000e+002	-2,65489e+001	-6,41845e-001
863	 1,0775000000e+002	-2,65625e+001	-5,94531e-001
864	 1,0787500000e+002	-2,65675e+001	-6,59210e-001
865	 1,0800000000e+002	-2,65886e+001	-5,99742e-001
866	 1,0812500000e+002	-2,66310e+001	-5,11633e-001
867	 1,0825000000e+002	-2,65869e+001	-4,91477e-001
868	 1,0837500000e+002	-2,65235e+001	-4,88936e-001
869	 1,0850000000e+002	-2,64990e+001	-4,20457e-001
870	 1,0862500000e+002	-2,65095e+001	-3,62426e-001
871	 1,0875000000e+002	-2,65092e+001	-3,60820e-001
872	 1,0887500000e+002	-2,65076e+001	-3,78941e-001
873	 1,0900000000e+002	-2,64743e+001	-3,99401e-001
874	 1,0912500000e+002	-2,64415e+001	-3,99695e-001
875	 1,0925000000e+002	-2,63982e+001	-4,12582e-001
876	 1,0937500000e+002	-2,64157e+001	-2,91331e-001
877	 1,0950000000e+002	-2,63932e+001	-2,77776e-001
878	 1,0962500000e+002	-2,63570e+001	-2,94393e-001
879	 1,0975000000e+002	-2,63182e+001	-2,77319e-001
880	 1,0987500000e+002	-2,63242e+001	-2,61366e-001
881	 1,1000000000e+002	-2,62739e+001	-1,71728e-001
882	 1,1012500000e+002	-2,62780e+001	-1,78211e-001
883	 1,1025000000e+002	-2,62671e+001	-1,79894e-001
884	 1,1037500000e+002	-2,62572e+001	-1,70359e-001
885	 1,1050000000e+002	-2,62485e+001	-1,34478e-001
886	 1,1062500000e+002	-2,62072e+001	-1,30002e-001
887	 1,1075000000e+002	-2,61963e+001	-1,35424e-001
888	 1,1087500000e+002	-2,61543e+001	-1,20921e-001
889	 1,1100000000e+002	-2,61467e+001	-1,14366e-001
890	 1,1112500000e+002	-2,61392e+001	-6,49698e-002
891	 1,1125000000e+002	-2,61448e+001	-6,24120e-002
892	 1,1137500000e+002	-2,61022e+001	-7,40181e-002
893	 1,1150000000e+002	-2,60978e+001	-6,56199e-002
894	 1,1162500000e+002	-2,59987e+001	-5,98738e-002
895	 1,1175000000e+002	-2,59967e+001	-6,69474e-002
896	 1,1187500000e+002	-2,60074e+001	-5,63765e-002
897	 1,1200000000e+002	-2,59683e+001	-1,59344e-002
898	 1,1212500000e+002	-2,59087e+001	 4,35965e-003
899	 1,1225000000e+002	-2,59187e+001	-4,54620e-003
900	 1,1237500000e+002	-2,58929e+001	-4,10045e-003
901	 1,1250000000e+002	-2,58647e+001	-8,32185e-003
902	 1,1262500000e+002	-2,58465e+001	-2,99666e-002
903	 1,1275000000e+002	-2,58321e+001	-1,17265e-002
904	 1,1287500000e+002	-2,57777e+001	 4,04129e-002
905	 1,1300000000e+002	-2,57505e+001	 4,37312e-003
906	 1,1312500000e+002	-2,57387e+001	-4,86009e-002
907	 1,1325000000e+002	-2,57784e+001	 6,38477e-002
908	 1,1337500000e+002	-2,57131e+001	 4,53881e-002
909	 1,1350000000e+002	-2,57019e+001	 3,07790e-002
910	 1,1362500000e+002	-2,56868e+001	 3,43796e-002
911	 1,1375000000e+002	-2,56727e+001	 3,05307e-002
912	 1,1387500000e+002	-2,56471e+001	 4,20480e-002
913	 1,1400000000e+002	-2,56076e+001	 3,52702e-002
914	 1,1412500000e+002	-2,55606e+001	 1,88565e-002
915	 1,1425000000e+002	-2,55497e+001	 3,15130e-002
916	 1,1437500000e+002	-2,55489e+001	 4,69326e-002
917	 1,1450000000e+002	-2,55217e+001	 7,79700e-002
918	 1,1462500000e+002	-2,55034e+001	 1,84518e-002
919	 1,1475000000e+002	-2,54868e+001	 6,36910e-002
920	 1,1487500000e+002	-2,54808e+001	 6,78775e-002
921	 1,1500000000e+002	-2,54519e+001	 5,85540e-002
922	 1,1512500000e+002	-2,54261e+001	 8,62192e-002
923	 1,1525000000e+002	-2,53817e+001	 7,96200e-002
924	 1,1537500000e+002	-2,53595e+001	 8,78631e-002
925	 1,1550000000e+002	-2,53415e+001	 8,43021e-002
926	 1,1562500000e+002	-2,53473e+001	 9,75307e-002
927	 1,1575000000e+002	-2,53409e+001	 8,96239e-002
928	 1,1587500000e+002	-2,52934e+001	 7,72850e-002
929	 1,1600000000e+002	-2,52970e+001	 7,69971e-002
930	 1,1612500000e+002	-2,53066e+001	 6,86664e-002
931	 1,1625000000e+002	-2,52368e+001	 9,71551e-002
932	 1,1637500000e+002	-2,52472e+001	 1,07232e-001
933	 1,1650000000e+002	-2,51906e+001	 6,02477e-002
934	 1,1662500000e+002	-2,51348e+001	 8,79588e-002
935	 1,1675000000e+002	-2,51356e+001	 1,24376e-001
936	 1,1687500000e+002	-2,51513e+001	 1,27202e-001
937	 1,1700000000e+002	-2,51381e+001	 9,78334e-002
938	 1,1712500000e+002	-2,51207e+001	 1,24202e-001
939	 1,1725000000e+002	-2,51011e+001	 1,50080e-001
940	 1,1737500000e+002	-2,51124e+001	 1,46753e-001
941	 1,1750000000e+002	-2,50567e+001	 1,36885e-001
942	 1,1762500000e+002	-2,50335e+001	 1,30166e-001
943	 1,1775000000e+002	-2,50188e+001	 1,28761e-001
944	 1,1787500000e+002	-2,49978e+001	 1,08082e-001
945	 1,1800000000e+002	-2,49869e+001	 9,93196e-002
946	 1,1812500000e+002	-2,49780e+001	 1,21247e-001
947	 1,1825000000e+002	-2,49802e+001	 1,00743e-001
948	 1,1837500000e+002	-2,49262e+001	 9,87138e-002
949	 1,1850000000e+002	-2,48972e+001	 1,04872e-001
950	 1,1862500000e+002	-2,48864e+001	 1,17781e-001
951	 1,1875000000e+002	-2,48880e+001	 1,29511e-001
952	 1,1887500000e+002	-2,48718e+001	 1,12024e-001
953	 1,1900000000e+002	-2,48729e+001	 1,22565e-001
954	 1,1912500000e+002	-2,48538e+001	 1,18516e-001
955	 1,1925000000e+002	-2,48055e+001	 1,33472e-001
956	 1,1937500000e+002	-2,47742e+001	 1,62144e-001
957	 1,1950000000e+002	-2,47694e+001	 1,56408e-001
958	 1,1962500000e+002	-2,47729e+001	 1,51810e-001
959	 1,1975000000e+002	-2,47247e+001	 1,51548e-001
960	 1,1987500000e+002	-2,47275e+001	 1,50151e-001
961	 1,2000000000e+002	-2,47174e+001	 1,47177e-001
962	 1,2012500000e+002	-2,46898e+001	 1,60523e-001
963	 1,2025000000e+002	-2,46592e+001	 1,64815e-001
964	 1,2037500000e+002	-2,46547e+001	 1,45514e-001
965	 1,2050000000e+002	-2,46289e+001	 1,52910e-001
966	 1,2062500000e+002	-2,46111e+001	 1,70645e-001
967	 1,2075000000e+002	-2,45578e+001	 1,25444e-001
968	 1,2087500000e+002	-2,45768e+001	 1,47941e-001
969	 1,2100000000e+002	-2,45775e+001	 1,19650e-001
970	 1,2112500000e+002	-2,45200e+001	 1,46098e-001
971	 1,2125000000e+002	-2,45387e+001	 1,75678e-001
972	 1,2137500000e+002	-2,44889e+001	 1,54169e-001
973	 1,2150000000e+002	-2,44848e+001	 1,41118e-001
974	 1,2162500000e+002	-2,44638e+001	 1,30401e-001
975	 1,2175000000e+002	-2,44212e+001	 1,40411e-001
976	 1,2187500000e+002	-2,44428e+001	 1,38937e-001
977	 1,2200000000e+002	-2,44415e+001	 1,46188e-001
978	 1,2212500000e+002	-2,44124e+001	 1,52918e-001
979	 1,2225000000e+002	-2,44039e+001	 9,98287e-002
980	 1,2237500000e+002	-2,43603e+001	 1,40720e-001
981	 1,2250000000e+002	-2,43509e+001	 1,51290e-001
982	 1,2262500000e+002	-2,43446e+001	 1,71959e-001
983	 1,2275000000e+002	-2,43250e+001	 1,87617e-001
984	 1,2287500000e+002	-2,42755e+001	 1,86302e-001
985	 1,2300000000e+002	-2,42939e+001	 1,93613e-001
986	 1,2312500000e+002	-2,42569e+001	 2,07923e-001
987	 1,2325000000e+002	-2,42179e+001	 1,90937e-001
988	 1,2337500000e+002	-2,42235e+001	 1,45543e-001
989	 1,2350000000e+002	-2,42019e+001	 1,53484e-001
990	 1,2362500000e+002	-2,41926e+001	 1,59020e-001
991	 1,2375000000e+002	-2,41955e+001	 1,70572e-001
992	 1,2387500000e+002	-2,41769e+001	 1,72767e-001
993	 1,2400000000e+002	-2,41478e+001	 1,79121e-001
994	 1,2412500000e+002	-2,41427e+001	 1,74861e-001
995	 1,2425000000e+002	-2,41281e+001	 1,69927e-001
996	 1,2437500000e+002	-2,41237e+001	 1,75685e-001
997	 1,2450000000e+002	-2,41040e+001	 1,77588e-001
998	 1,2462500000e+002	-2,40909e+001	 1,77926e-001
999	 1,2475000000e+002	-2,40722e+001	 1,81544e-001
1000	 1,2487500000e+002	-2,40528e+001	 1,74511e-001
1001	 1,2500000000e+002	-2,40364e+001	 1,67228e-001
1002	 1,2512500000e+002	-2,40256e+001	 1,78059e-001
1003	 1,2525000000e+002	-2,40082e+001	 1,65785e-001
1004	 1,2537500000e+002	-2,39837e+001	 1,51609e-001
1005	 1,2550000000e+002	-2,39714e+001	 1,58669e-001
1006	 1,2562500000e+002	-2,39677e+001	 1,59636e-001
1007	 1,2575000000e+002	-2,39279e+001	 1,67647e-001
1008	 1,2587500000e+002	-2,39229e+001	 1,59300e-001
1009	 1,2600000000e+002	-2,39021e+001	 1,86978e-001
1010	 1,2612500000e+002	-2,38943e+001	 1,84920e-001
1011	 1,2625000000e+002	-2,38727e+001	 1,86362e-001
1012	 1,2637500000e+002	-2,38463e+001	 1,80497e-001
1013	 1,2650000000e+002	-2,38227e+001	 2,01377e-001
1014	 1,2662500000e+002	-2,37990e+001	 1,94549e-001
1015	 1,2675000000e+002	-2,37784e+001	 2,05752e-001
1016	 1,2687500000e+002	-2,37983e+001	 1,63389e-001
1017	 1,2700000000e+002	-2,37977e+001	 1,64068e-001
1018	 1,2712500000e+002	-2,37734e+001	 1,73329e-001
1019	 1,2725000000e+002	-2,37479e+001	 1,80827e-001
1020	 1,2737500000e+002	-2,37174e+001	 2,00129e-001
1021	 1,2750000000e+002	-2,37004e+001	 2,11322e-001
1022	 1,2762500000e+002	-2,36801e+001	 2,15269e-001
1023	 1,2775000000e+002	-2,36680e+001	 1,78133e-001
1024	 1,2787500000e+002	-2,36737e+001	 1,97517e-001
1025	 1,2800000000e+002	-2,36342e+001	 1,95226e-001
1026	 1,2812500000e+002	-2,35966e+001	 1,83180e-001
1027	 1,2825000000e+002	-2,36059e+001	 2,00887e-001
1028	 1,2837500000e+002	-2,36235e+001	 2,04996e-001
1029	 1,2850000000e+002	-2,36217e+001	 2,03907e-001
1030	 1,2862500000e+002	-2,35715e+001	 1,87461e-001
1031	 1,2875000000e+002	-2,35057e+001	 1,33082e-001
1032	 1,2887500000e+002	-2,35123e+001	 1,97766e-001
1033	 1,2900000000e+002	-2,34992e+001	 2,29920e-001
1034	 1,2912500000e+002	-2,34634e+001	 2,06179e-001
1035	 1,2925000000e+002	-2,34778e+001	 1,81204e-001
1036	 1,2937500000e+002	-2,34609e+001	 1,62110e-001
1037	 1,2950000000e+002	-2,34393e+001	 2,01830e-001
1038	 1,2962500000e+002	-2,34354e+001	 2,07780e-001
1039	 1,2975000000e+002	-2,34074e+001	 2,22194e-001
1040	 1,2987500000e+002	-2,33838e+001	 1,87579e-001
1041	 1,3000000000e+002	-2,33611e+001	 2,09202e-001
1042	 1,3012500000e+002	-2,33490e+001	 2,09861e-001
1043	 1,3025000000e+002	-2,33510e+001	 2,03719e-001
1044	 1,3037500000e+002	-2,33240e+001	 2,02839e-001
1045	 1,3050000000e+002	-2,32967e+001	 2,08692e-001
1046	 1,3062500000e+002	-2,32848e+001	 2,07096e-001
1047	 1,3075000000e+002	-2,32748e+001	 2,55668e-001
1048	 1,3087500000e+002	-2,32642e+001	 2,49054e-001
1049	 1,3100000000e+002	-2,32450e+001	 2,51322e-001
1050	 1,3112500000e+002	-2,32353e+001	 2,36877e-001
1051	 1,3125000000e+002	-2,32342e+001	 2,27458e-001
1052	 1,3137500000e+002	-2,32306e+001	 2,45526e-001
1053	 1,3150000000e+002	-2,31882e+001	 2,57386e-001
1054	 1,3162500000e+002	-2,31664e+001	 2,23871e-001
1055	 1,3175000000e+002	-2,31461e+001	 2,38150e-001
1056	 1,3187500000e+002	-2,31385e+001	 2,42268e-001
1057	 1,3200000000e+002	-2,31212e+001	 2,34042e-001
1058	 1,3212500000e+002	-2,31092e+001	 2,42673e-001
1059	 1,3225000000e+002	-2,30679e+001	 2,37857e-001
1060	 1,3237500000e+002	-2,30402e+001	 2,35499e-001
1061	 1,3250000000e+002	-2,30337e+001	 2,21715e-001
1062	 1,3262500000e+002	-2,30299e+001	 2,24077e-001
1063	 1,3275000000e+002	-2,30316e+001	 2,31546e-001
1064	 1,3287500000e+002	-2,30305e+001	 2,28384e-001
1065	 1,3300000000e+002	-2,30098e+001	 2,22388e-001
1066	 1,3312500000e+002	-2,29523e+001	 2,36280e-001
1067	 1,3325000000e+002	-2,29429e+001	 2,35143e-001
1068	 1,3337500000e+002	-2,29149e+001	 2,34080e-001
1069	 1,3350000000e+002	-2,29109e+001	 2,32549e-001
1070	 1,3362500000e+002	-2,28943e+001	 2,45647e-001
1071	 1,3375000000e+002	-2,28685e+001	 2,36845e-001
1072	 1,3387500000e+002	-2,28427e+001	 2,38823e-001
1073	 1,3400000000e+002	-2,28155e+001	 2,35147e-001
1074	 1,3412500000e+002	-2,28222e+001	 2,35375e-001
1075	 1,3425000000e+002	-2,28217e+001	 2,34305e-001
1076	 1,3437500000e+002	-2,28055e+001	 2,29635e-001
1077	 1,3450000000e+002	-2,27844e+001	 2,24382e-001
1078	 1,3462500000e+002	-2,27791e+001	 2,26993e-001
1079	 1,3475000000e+002	-2,27481e+001	 2,45254e-001
1080	 1,3487500000e+002	-2,27004e+001	 2,50362e-001
1081	 1,3500000000e+002	-2,26984e+001	 2,35784e-001
1082	 1,3512500000e+002	-2,26868e+001	 2,33315e-001
1083	 1,3525000000e+002	-2,26776e+001	 2,30856e-001
1084	 1,3537500000e+002	-2,26459e+001	 2,38983e-001
1085	 1,3550000000e+002	-2,26424e+001	 2,43396e-001
1086	 1,3562500000e+002	-2,26102e+001	 2,47736e-001
1087	 1,3575000000e+002	-2,25939e+001	 2,49133e-001
1088	 1,3587500000e+002	-2,25941e+001	 2,31349e-001
1089	 1,3600000000e+002	-2,25721e+001	 2,26207e-001
1090	 1,3612500000e+002	-2,25324e+001	 2,33652e-001
1091	 1,3625000000e+002	-2,25257e+001	 2,51579e-001
1092	 1,3637500000e+002	-2,25039e+001	 2,60805e-001
1093	 1,3650000000e+002	-2,24856e+001	 2,39206e-001
1094	 1,3662500000e+002	-2,24670e+001	 2,22130e-001
1095	 1,3675000000e+002	-2,24542e+001	 2,15692e-001
1096	 1,3687500000e+002	-2,24416e+001	 2,30293e-001
1097	 1,3700000000e+002	-2,24259e+001	 2,29870e-001
1098	 1,3712500000e+002	-2,24105e+001	 2,23112e-001
1099	 1,3725000000e+002	-2,24053e+001	 2,27979e-001
1100	 1,3737500000e+002	-2,23772e+001	 2,23020e-001
1101	 1,3750000000e+002	-2,23540e+001	 2,34047e-001
1102	 1,3762500000e+002	-2,23314e+001	 2,34169e-001
1103	 1,3775000000e+002	-2,23162e+001	 2,35783e-001
1104	 1,3787500000e+002	-2,22976e+001	 2,37861e-001
1105	 1,3800000000e+002	-2,22947e+001	 2,37086e-001
1106	 1,3812500000e+002	-2,22907e+001	 2,33331e-001
1107	 1,3825000000e+002	-2,22222e+001	 2,24682e-001
1108	 1,3837500000e+002	-2,22297e+001	 2,22287e-001
1109	 1,3850000000e+002	-2,22127e+001	 2,23958e-001
1110	 1,3862500000e+002	-2,22010e+001	 2,27320e-001
1111	 1,3875000000e+002	-2,21763e+001	 2,37319e-001
1112	 1,3887500000e+002	-2,21368e+001	 2,23141e-001
1113	 1,3900000000e+002	-2,21269e+001	 2,38944e-001
1114	 1,3912500000e+002	-2,21176e+001	 2,40728e-001
1115	 1,3925000000e+002	-2,20963e+001	 2,29627e-001
1116	 1,3937500000e+002	-2,20826e+001	 2,33817e-001
1117	 1,3950000000e+002	-2,20657e+001	 2,35901e-001
1118	 1,3962500000e+002	-2,20348e+001	 2,28164e-001
1119	 1,3975000000e+002	-2,20173e+001	 2,23515e-001
1120	 1,3987500000e+002	-2,19882e+001	 2,17269e-001
1121	 1,4000000000e+002	-2,19874e+001	 2,21056e-001
1122	 1,4012500000e+002	-2,19598e+001	 2,40005e-001
1123	 1,4025000000e+002	-2,19401e+001	 2,27809e-001
1124	 1,4037500000e+002	-2,19309e+001	 2,20630e-001
1125	 1,4050000000e+002	-2,19099e+001	 2,04051e-001
1126	 1,4062500000e+002	-2,18835e+001	 2,27057e-001
1127	 1,4075000000e+002	-2,18673e+001	 2,23822e-001
1128	 1,4087500000e+002	-2,18531e+001	 2,27404e-001
1129	 1,4100000000e+002	-2,18389e+001	 2,30339e-001
1130	 1,4112500000e+002	-2,18146e+001	 2,19050e-001
1131	 1,4125000000e+002	-2,18015e+001	 2,17267e-001
1132	 1,4137500000e+002	-2,17660e+001	 2,22738e-001
1133	 1,4150000000e+002	-2,17428e+001	 2,23286e-001
1134	 1,4162500000e+002	-2,17350e+001	 2,27263e-001
1135	 1,4175000000e+002	-2,17205e+001	 2,11638e-001
1136	 1,4187500000e+002	-2,16961e+001	 2,27417e-001
1137	 1,4200000000e+002	-2,16650e+001	 2,14183e-001
1138	 1,4212500000e+002	-2,16763e+001	 1,97936e-001
1139	 1,4225000000e+002	-2,16618e+001	 1,90494e-001
1140	 1,4237500000e+002	-2,16283e+001	 1,88901e-001
1141	 1,4250000000e+002	-2,15986e+001	 2,05159e-001
1142	 1,4262500000e+002	-2,15644e+001	 2,17490e-001
1143	 1,4275000000e+002	-2,15326e+001	 2,11693e-001
1144	 1,4287500000e+002	-2,15275e+001	 2,11416e-001
1145	 1,4300000000e+002	-2,15055e+001	 2,08562e-001
1146	 1,4312500000e+002	-2,14922e+001	 2,05087e-001
1147	 1,4325000000e+002	-2,14866e+001	 2,07652e-001
1148	 1,4337500000e+002	-2,14681e+001	 1,90627e-001
1149	 1,4350000000e+002	-2,14259e+001	 1,91722e-001
1150	 1,4362500000e+002	-2,14147e+001	 1,75348e-001
1151	 1,4375000000e+002	-2,13779e+001	 2,13040e-001
1152	 1,4387500000e+002	-2,13656e+001	 2,12931e-001
1153	 1,4400000000e+002	-2,13494e+001	 2,02430e-001
1154	 1,4412500000e+002	-2,13372e+001	 2,08666e-001
1155	 1,4425000000e+002	-2,12991e+001	 2,00343e-001
1156	 1,4437500000e+002	-2,12859e+001	 2,08792e-001
1157	 1,4450000000e+002	-2,12644e+001	 2,13426e-001
1158	 1,4462500000e+002	-2,12506e+001	 2,08249e-001
1159	 1,4475000000e+002	-2,12205e+001	 1,91948e-001
1160	 1,4487500000e+002	-2,12069e+001	 1,94215e-001
1161	 1,4500000000e+002	-2,11928e+001	 1,96777e-001
1162	 1,4512500000e+002	-2,11581e+001	 1,85663e-001
1163	 1,4525000000e+002	-2,11474e+001	 1,95386e-001
1164	 1,4537500000e+002	-2,11167e+001	 2,04360e-001
1165	 1,4550000000e+002	-2,10880e+001	 1,95186e-001
1166	 1,4562500000e+002	-2,10816e+001	 1,97087e-001
1167	 1,4575000000e+002	-2,10402e+001	 2,02047e-001
1168	 1,4587500000e+002	-2,10322e+001	 1,98170e-001
1169	 1,4600000000e+002	-2,10072e+001	 1,87271e-001
1170	 1,4612500000e+002	-2,10073e+001	 1,97059e-001
1171	 1,4625000000e+002	-2,09779e+001	 2,07383e-001
1172	 1,4637500000e+002	-2,09429e+001	 2,12709e-001
1173	 1,4650000000e+002	-2,09238e+001	 2,09491e-001
1174	 1,4662500000e+002	-2,08997e+001	 1,70156e-001
1175	 1,4675000000e+002	-2,08881e+001	 1,58831e-001
1176	 1,4687500000e+002	-2,08674e+001	 1,53461e-001
1177	 1,4700000000e+002	-2,08362e+001	 1,76787e-001
1178	 1,4712500000e+002	-2,08392e+001	 1,72060e-001
1179	 1,4725000000e+002	-2,08121e+001	 1,67248e-001
1180	 1,4737500000e+002	-2,07591e+001	 1,68554e-001
1181	 1,4750000000e+002	-2,07381e+001	 1,54197e-001
1182	 1,4762500000e+002	-2,07382e+001	 1,62338e-001
1183	 1,4775000000e+002	-2,06843e+001	 1,80748e-001
1184	 1,4787500000e+002	-2,06685e+001	 1,82617e-001
1185	 1,4800000000e+002	-2,06378e+001	 1,67980e-001
1186	 1,4812500000e+002	-2,06056e+001	 1,61952e-001
1187	 1,4825000000e+002	-2,05861e+001	 1,69900e-001
1188	 1,4837500000e+002	-2,05657e+001	 1,69901e-001
1189	 1,4850000000e+002	-2,05493e+001	 1,75169e-001
1190	 1,4862500000e+002	-2,05317e+001	 1,74266e-001
1191	 1,4875000000e+002	-2,05037e+001	 1,54991e-001
1192	 1,4887500000e+002	-2,04877e+001	 1,56946e-001
1193	 1,4900000000e+002	-2,04460e+001	 1,60305e-001
1194	 1,4912500000e+002	-2,04318e+001	 1,54923e-001
1195	 1,4925000000e+002	-2,04301e+001	 1,40480e-001
1196	 1,4937500000e+002	-2,03814e+001	 1,59541e-001
1197	 1,4950000000e+002	-2,03715e+001	 1,51148e-001
1198	 1,4962500000e+002	-2,03493e+001	 1,59859e-001
1199	 1,4975000000e+002	-2,03067e+001	 1,48392e-001
1200	 1,4987500000e+002	-2,02790e+001	 1,46777e-001
1201	 1,5000000000e+002	-2,02512e+001	 1,48735e-001
1202	 1,5012500000e+002	-2,02392e+001	 1,33044e-001
1203	 1,5025000000e+002	-2,02223e+001	 1,40097e-001
1204	 1,5037500000e+002	-2,01952e+001	 1,31109e-001
1205	 1,5050000000e+002	-2,01762e+001	 1,26267e-001
1206	 1,5062500000e+002	-2,01512e+001	 1,46374e-001
1207	 1,5075000000e+002	-2,01057e+001	 1,37159e-001
1208	 1,5087500000e+002	-2,00846e+001	 1,36786e-001
1209	 1,5100000000e+002	-2,00674e+001	 1,34595e-001
1210	 1,5112500000e+002	-2,00506e+001	 1,42545e-001
1211	 1,5125000000e+002	-2,00202e+001	 1,31310e-001
1212	 1,5137500000e+002	-1,99947e+001	 1,12967e-001
1213	 1,5150000000e+002	-1,99396e+001	 1,13558e-001
1214	 1,5162500000e+002	-1,99226e+001	 1,17270e-001
1215	 1,5175000000e+002	-1,99064e+001	 1,15645e-001
1216	 1,5187500000e+002	-1,98702e+001	 1,20680e-001
1217	 1,5200000000e+002	-1,98265e+001	 1,13725e-001
1218	 1,5212500000e+002	-1,98097e+001	 1,22345e-001
1219	 1,5225000000e+002	-1,97888e+001	 1,30899e-001
1220	 1,5237500000e+002	-1,97462e+001	 1,11228e-001
1221	 1,5250000000e+002	-1,97278e+001	 1,11772e-001
1222	 1,5262500000e+002	-1,97005e+001	 1,07805e-001
1223	 1,5275000000e+002	-1,96871e+001	 1,08910e-001
1224	 1,5287500000e+002	-1,96589e+001	 9,46804e-002
1225	 1,5300000000e+002	-1,96215e+001	 9,61651e-002
1226	 1,5312500000e+002	-1,95703e+001	 8,41706e-002
1227	 1,5325000000e+002	-1,95472e+001	 1,03212e-001
1228	 1,5337500000e+002	-1,95430e+001	 1,14374e-001
1229	 1,5350000000e+002	-1,94914e+001	 1,13686e-001
1230	 1,5362500000e+002	-1,94627e+001	 1,13226e-001
1231	 1,5375000000e+002	-1,94163e+001	 1,11783e-001
1232	 1,5387500000e+002	-1,93954e+001	 8,63616e-002
1233	 1,5400000000e+002	-1,93753e+001	 8,57138e-002
1234	 1,5412500000e+002	-1,93643e+001	 8,87197e-002
1235	 1,5425000000e+002	-1,93421e+001	 9,31931e-002
1236	 1,5437500000e+002	-1,92940e+001	 1,00310e-001
1237	 1,5450000000e+002	-1,92688e+001	 9,05958e-002
1238	 1,5462500000e+002	-1,92359e+001	 8,58861e-002
1239	 1,5475000000e+002	-1,91865e+001	 5,38097e-002
1240	 1,5487500000e+002	-1,91521e+001	 5,93200e-002
1241	 1,5500000000e+002	-1,91030e+001	 5,40692e-002
1242	 1,5512500000e+002	-1,90828e+001	 2,87705e-002
1243	 1,5525000000e+002	-1,90481e+001	 5,19458e-002
1244	 1,5537500000e+002	-1,90292e+001	 5,69577e-002
1245	 1,5550000000e+002	-1,90183e+001	 5,81901e-002
1246	 1,5562500000e+002	-1,89880e+001	 8,99326e-002
1247	 1,5575000000e+002	-1,89241e+001	 6,88254e-002
1248	 1,5587500000e+002	-1,88862e+001	 5,81016e-002
1249	 1,5600000000e+002	-1,88568e+001	 4,31894e-002
1250	 1,5612500000e+002	-1,88308e+001	 5,32758e-002
1251	 1,5625000000e+002	-1,88040e+001	 5,22785e-002
1252	 1,5637500000e+002	-1,87578e+001	 2,99231e-002
1253	 1,5650000000e+002	-1,87432e+001	 3,09034e-002
1254	 1,5662500000e+002	-1,87166e+001	 2,38448e-002
1255	 1,5675000000e+002	-1,86640e+001	 3,87107e-002
1256	 1,5687500000e+002	-1,86121e+001	 3,91725e-002
1257	 1,5700000000e+002	-1,85949e+001	 2,19989e-002
1258	 1,5712500000e+002	-1,85808e+001	 6,95409e-003
1259	 1,5725000000e+002	-1,85279e+001	 1,31723e-002
1260	 1,5737500000e+002	-1,84525e+001	 3,62438e-002
1261	 1,5750000000e+002	-1,84277e+001	 2,93035e-002
1262	 1,5762500000e+002	-1,84140e+001	 1,73081e-002
1263	 1,5775000000e+002	-1,83849e+001	 8,43892e-003
1264	 1,5787500000e+002	-1,83607e+001	-8,25260e-003
1265	 1,5800000000e+002	-1,82804e+001	 2,02578e-002
1266	 1,5812500000e+002	-1,82578e+001	 1,42718e-002
1267	 1,5825000000e+002	-1,82457e+001	 3,00557e-004
1268	 1,5837500000e+002	-1,81509e+001	-1,62617e-002
1269	 1,5850000000e+002	-1,81009e+001	-1,13485e-002
1270	 1,5862500000e+002	-1,80830e+001	-1,53244e-003
1271	 1,5875000000e+002	-1,80726e+001	-1,91927e-002
1272	 1,5887500000e+002	-1,80479e+001	-2,69380e-002
1273	 1,5900000000e+002	-1,80131e+001	-4,87801e-002
1274	 1,5912500000e+002	-1,79511e+001	-5,57030e-002
1275	 1,5925000000e+002	-1,79095e+001	-3,07369e-002
1276	 1,5937500000e+002	-1,77998e+001	-4,07673e-002
1277	 1,5950000000e+002	-1,77748e+001	-6,57018e-002
1278	 1,5962500000e+002	-1,77265e+001	-8,62592e-002
1279	 1,5975000000e+002	-1,76632e+001	 5,31038e-003
1280	 1,5987500000e+002	-1,76537e+001	-1,98168e-002
1281	 1,6000000000e+002	-1,76106e+001	-4,20111e-002
1282	 1,6012500000e+002	-1,75900e+001	-4,61251e-002
1283	 1,6025000000e+002	-1,75669e+001	-5,82163e-002
1284	 1,6037500000e+002	-1,75018e+001	-3,70700e-002
1285	 1,6050000000e+002	-1,74249e+001	-5,00103e-002
1286	 1,6062500000e+002	-1,74058e+001	-6,57259e-002
1287	 1,6075000000e+002	-1,73902e+001	-6,87495e-002
1288	 1,6087500000e+002	-1,73237e+001	-6,39008e-002
1289	 1,6100000000e+002	-1,72964e+001	-9,39190e-002
1290	 1,6112500000e+002	-1,72425e+001	-8,83240e-002
1291	 1,6125000000e+002	-1,71755e+001	-1,00927e-001
1292	 1,6137500000e+002	-1,71571e+001	-1,01422e-001
1293	 1,6150000000e+002	-1,71289e+001	-8,72298e-002
1294	 1,6162500000e+002	-1,71332e+001	-8,17703e-002
1295	 1,6175000000e+002	-1,69882e+001	-1,25456e-001
1296	 1,6187500000e+002	-1,68935e+001	-1,07926e-001
1297	 1,6200000000e+002	-1,68912e+001	-1,39361e-001
1298	 1,6212500000e+002	-1,68175e+001	-1,76419e-001
1299	 1,6225000000e+002	-1,67323e+001	-1,35406e-001
1300	 1,6237500000e+002	-1,67327e+001	-1,49529e-001
1301	 1,6250000000e+002	-1,66717e+001	-1,55328e-001
1302	 1,6262500000e+002	-1,66449e+001	-1,49483e-001
1303	 1,6275000000e+002	-1,66086e+001	-1,43837e-001
1304	 1,6287500000e+002	-1,65276e+001	-1,14969e-001
1305	 1,6300000000e+002	-1,64902e+001	-1,35645e-001
1306	 1,6312500000e+002	-1,63856e+001	-1,29260e-001
1307	 1,6325000000e+002	-1,63016e+001	-1,89881e-001
1308	 1,6337500000e+002	-1,62795e+001	-1,95220e-001
1309	 1,6350000000e+002	-1,62728e+001	-2,19961e-001
1310	 1,6362500000e+002	-1,62037e+001	-1,35697e-001
1311	 1,6375000000e+002	-1,61448e+001	-1,79591e-001
1312	 1,6387500000e+002	-1,60459e+001	-2,41177e-001
1313	 1,6400000000e+002	-1,60050e+001	-2,37791e-001
1314	 1,6412500000e+002	-1,59441e+001	-2,19504e-001
1315	 1,6425000000e+002	-1,58910e+001	-2,32994e-001
1316	 1,6437500000e+002	-1,58180e+001	-2,28009e-001
1317	 1,6450000000e+002	-1,57543e+001	-1,92898e-001
1318	 1,6462500000e+002	-1,56907e+001	-3,25370e-001
1319	 1,6475000000e+002	-1,56257e+001	-3,13620e-001
1320	 1,6487500000e+002	-1,55877e+001	-2,93854e-001
1321	 1,6500000000e+002	-1,55816e+001	-2,65935e-001
1322	 1,6512500000e+002	-1,54177e+001	-2,59335e-001
1323	 1,6525000000e+002	-1,53876e+001	-2,47307e-001
1324	 1,6537500000e+002	-1,53563e+001	-1,91657e-001
1325	 1,6550000000e+002	-1,51945e+001	-3,12296e-001
1326	 1,6562500000e+002	-1,51580e+001	-3,23298e-001
1327	 1,6575000000e+002	-1,51172e+001	-3,60363e-001
1328	 1,6587500000e+002	-1,50316e+001	-3,39809e-001
1329	 1,6600000000e+002	-1,49507e+001	-3,26356e-001
1330	 1,6612500000e+002	-1,48515e+001	-3,38349e-001
1331	 1,6625000000e+002	-1,47584e+001	-3,06806e-001
1332	 1,6637500000e+002	-1,46627e+001	-2,96993e-001
1333	 1,6650000000e+002	-1,46131e+001	-3,69901e-001
1334	 1,6662500000e+002	-1,46069e+001	-4,58701e-001
1335	 1,6675000000e+002	-1,44799e+001	-4,67030e-001
1336	 1,6687500000e+002	-1,44254e+001	-4,72652e-001
1337	 1,6700000000e+002	-1,43301e+001	-4,34206e-001
1338	 1,6712500000e+002	-1,42355e+001	-4,35282e-001
1339	 1,6725000000e+002	-1,41420e+001	-4,57852e-001
1340	 1,6737500000e+002	-1,40747e+001	-4,65849e-001
1341	 1,6750000000e+002	-1,40385e+001	-4,71491e-001
1342	 1,6762500000e+002	-1,39643e+001	-4,84926e-001
1343	 1,6775000000e+002	-1,37869e+001	-5,38859e-001
1344	 1,6787500000e+002	-1,37346e+001	-5,32686e-001
1345	 1,6800000000e+002	-1,36862e+001	-5,38410e-001
1346	 1,6812500000e+002	-1,35986e+001	-5,23229e-001
1347	 1,6825000000e+002	-1,34581e+001	-5,38316e-001
1348	 1,6837500000e+002	-1,33439e+001	-5,78182e-001
1349	 1,6850000000e+002	-1,32843e+001	-6,27686e-001
1350	 1,6862500000e+002	-1,31549e+001	-6,07832e-001
1351	 1,6875000000e+002	-1,31092e+001	-6,14342e-001
1352	 1,6887500000e+002	-1,28498e+001	-5,74839e-001
1353	 1,6900000000e+002	-1,27709e+001	-6,01613e-001
1354	 1,6912500000e+002	-1,26922e+001	-6,75885e-001
1355	 1,6925000000e+002	-1,26548e+001	-6,99306e-001
1356	 1,6937500000e+002	-1,26757e+001	-7,50627e-001
1357	 1,6950000000e+002	-1,24371e+001	-7,42749e-001
1358	 1,6962500000e+002	-1,23645e+001	-7,58146e-001
1359	 1,6975000000e+002	-1,23049e+001	-7,32863e-001
1360	 1,6987500000e+002	-1,21711e+001	-8,18211e-001
1361	 1,7000000000e+002	-1,21363e+001	-8,50012e-001
1362	 1,7012500000e+002	-1,18501e+001	-9,53041e-001
1363	 1,7025000000e+002	-1,17770e+001	-8,88391e-001
1364	 1,7037500000e+002	-1,16939e+001	-9,55330e-001
1365	 1,7050000000e+002	-1,14765e+001	-9,39884e-001
1366	 1,7062500000e+002	-1,14169e+001	-9,41683e-001
1367	 1,7075000000e+002	-1,13288e+001	-8,91087e-001
1368	 1,7087500000e+002	-1,13040e+001	-8,45050e-001
1369	 1,7100000000e+002	-1,08930e+001	-8,92840e-001
1370	 1,7112500000e+002	-1,08276e+001	-1,08469e+000
1371	 1,7125000000e+002	-1,07609e+001	-1,17855e+000
1372	 1,7137500000e+002	-1,06347e+001	-1,22508e+000
1373	 1,7150000000e+002	-1,05174e+001	-1,16610e+000
1374	 1,7162500000e+002	-1,03134e+001	-1,26161e+000
1375	 1,7175000000e+002	-1,02080e+001	-1,24756e+000
1376	 1,7187500000e+002	-9,98318e+000	-1,25562e+000
1377	 1,7200000000e+002	-9,86538e+000	-1,32033e+000
1378	 1,7212500000e+002	-9,76268e+000	-1,49866e+000
1379	 1,7225000000e+002	-9,52372e+000	-1,35112e+000
1380	 1,7237500000e+002	-9,44822e+000	-1,38412e+000
1381	 1,7250000000e+002	-9,24361e+000	-1,44244e+000
1382	 1,7262500000e+002	-9,12375e+000	-1,48974e+000
1383	 1,7275000000e+002	-8,90677e+000	-1,49530e+000
1384	 1,7287500000e+002	-8,79410e+000	-1,50993e+000
1385	 1,7300000000e+002	-8,53927e+000	-1,63732e+000
1386	 1,7312500000e+002	-8,42424e+000	-1,64817e+000
1387	 1,7325000000e+002	-8,29339e+000	-1,63091e+000
1388	 1,7337500000e+002	-8,12694e+000	-1,69647e+000
1389	 1,7350000000e+002	-8,06727e+000	-1,68148e+000
1390	 1,7362500000e+002	-7,56646e+000	-1,75693e+000
1391	 1,7375000000e+002	-7,36907e+000	-1,81279e+000
1392	 1,7387500000e+002	-7,13728e+000	-1,97754e+000
1393	 1,7400000000e+002	-7,05018e+000	-2,01054e+000
1394	 1,7412500000e+002	-6,86094e+000	-2,03078e+000
1395	 1,7425000000e+002	-6,65819e+000	-2,09417e+000
1396	 1,7437500000e+002	-6,37677e+000	-2,20191e+000
1397	 1,7450000000e+002	-6,19645e+000	-2,31782e+000
1398	 1,7462500000e+002	-6,04863e+000	-2,50301e+000
1399	 1,7475000000e+002	-5,58072e+000	-2,45410e+000
1400	 1,7487500000e+002	-5,40544e+000	-2,50400e+000
1401	 1,7500000000e+002	-5,22517e+000	-2,59831e+000
1402	 1,7512500000e+002	-4,99164e+000	-2,65949e+000
1403	 1,7525000000e+002	-4,76230e+000	-2,77805e+000
1404	 1,7537500000e+002	-4,66644e+000	-2,78767e+000
1405	 1,7550000000e+002	-4,07543e+000	-3,08404e+000
1406	 1,7562500000e+002	-3,87569e+000	-3,07360e+000
1407	 1,7575000000e+002	-3,40601e+000	-3,07823e+000
1408	 1,7587500000e+002	-3,15724e+000	-3,30340e+000
1409	 1,7600000000e+002	-2,99938e+000	-3,48624e+000
1410	 1,7612500000e+002	-2,61754e+000	-3,67821e+000
1411	 1,7625000000e+002	-2,26389e+000	-3,73508e+000
1412	 1,7637500000e+002	-2,14051e+000	-3,80740e+000
1413	 1,7650000000e+002	-1,77576e+000	-4,07396e+000
1414	 1,7662500000e+002	-1,47790e+000	-4,29614e+000
1415	 1,7675000000e+002	-1,16728e+000	-4,43165e+000
1416	 1,7687500000e+002	-7,15878e-001	-4,41239e+000
1417	 1,7700000000e+002	-1,56747e-001	-4,66312e+000
1418	 1,7712500000e+002	-5,04990e-002	-4,53949e+000
1419	 1,7725000000e+002	 4,37545e-001	-5,19285e+000
1420	 1,7737500000e+002	 1,06061e+000	-5,37851e+000
1421	 1,7750000000e+002	 1,31290e+000	-5,47952e+000
1422	 1,7762500000e+002	 1,48528e+000	-5,70628e+000
1423	 1,7775000000e+002	 2,39873e+000	-6,07568e+000
1424	 1,7787500000e+002	 2,61738e+000	-6,26240e+000
1425	 1,7800000000e+002	 3,21843e+000	-6,46258e+000
1426	 1,7812500000e+002	 3,56667e+000	-6,52856e+000
1427	 1,7825000000e+002	 4,08292e+000	-6,83577e+000
1428	 1,7837500000e+002	 4,69436e+000	-7,74170e+000
1429	 1,7850000000e+002	 5,08581e+000	-7,98294e+000
1430	 1,7862500000e+002	 5,61413e+000	-8,25597e+000
1431	 1,7875000000e+002	 6,21471e+000	-8,76145e+000
1432	 1,7887500000e+002	 6,61869e+000	-9,09157e+000
1433	 1,7900000000e+002	 7,49489e+000	-9,74746e+000
1434	 1,7912500000e+002	 8,29949e+000	-1,02415e+001
1435	 1,7925000000e+002	 8,86719e+000	-1,05936e+001
1436	 1,7937500000e+002	 9,18046e+000	-1,12454e+001
1437	 1,7950000000e+002	 1,01403e+001	-1,16947e+001
1438	 1,7962500000e+002	 1,08172e+001	-1,21368e+001
1439	 1,7975000000e+002	 1,22554e+001	-1,34238e+001
1440	 1,7987500000e+002	 1,23844e+001	-1,44250e+001
1441	 1,8000000000e+002	 1,29761e+001	-1,50913e+001
1442	 1,8012500000e+002	 1,36163e+001	-1,60778e+001
1443	 1,8025000000e+002	 1,48273e+001	-1,68284e+001
1444	 1,8037500000e+002	 1,46448e+001	-1,74886e+001
1445	 1,8050000000e+002	 1,57993e+001	-1,97248e+001
1446	 1,8062500000e+002	 1,68788e+001	-2,11172e+001
1447	 1,8075000000e+002	 1,71534e+001	-2,17006e+001
1448	 1,8087500000e+002	 1,80261e+001	-2,23618e+001
1449	 1,8100000000e+002	 1,89087e+001	-2,41127e+001
1450	 1,8112500000e+002	 2,06844e+001	-2,55498e+001
1451	 1,8125000000e+002	 1,99594e+001	-2,87837e+001
1452	 1,8137500000e+002	 2,03177e+001	-3,10594e+001
1453	 1,8150000000e+002	 2,13113e+001	-3,29266e+001
1454	 1,8162500000e+002	 2,21502e+001	-3,46253e+001
1455	 1,8175000000e+002	 2,29600e+001	-3,53402e+001
1456	 1,8187500000e+002	 2,01951e+001	-4,16849e+001
1457	 1,8200000000e+002	 1,93117e+001	-4,16781e+001
1458	 1,8212500000e+002	 1,89180e+001	-4,45238e+001
1459	 1,8225000000e+002	 1,97600e+001	-4,96487e+001
1460	 1,8237500000e+002	 1,78817e+001	-5,41258e+001
1461	 1,8250000000e+002	 1,73038e+001	-5,50842e+001
1462	 1,8262500000e+002	 1,36769e+001	-5,80841e+001
1463	 1,8275000000e+002	 1,27488e+001	-5,95505e+001
1464	 1,8287500000e+002	 1,12832e+001	-6,54672e+001
1465	 1,8300000000e+002	 2,33844e+000	-6,68716e+001
1466	 1,8312500000e+002	 1,23840e-001	-6,78710e+001
1467	 1,8325000000e+002	 1,88207e-001	-6,85905e+001
1468	 1,8337500000e+002	-7,44679e+000	-7,01374e+001
1469	 1,8350000000e+002	-1,04597e+001	-7,17400e+001
1470	 1,8362500000e+002	-1,15427e+001	-7,24306e+001
1471	 1,8375000000e+002	-1,59110e+001	-6,99401e+001
1472	 1,8387500000e+002	-1,82748e+001	-6,82534e+001
1473	 1,8400000000e+002	-2,20280e+001	-6,66221e+001
1474	 1,8412500000e+002	-3,22030e+001	-6,34664e+001
1475	 1,8425000000e+002	-3,33315e+001	-6,21594e+001
1476	 1,8437500000e+002	-3,31705e+001	-6,23941e+001
1477	 1,8450000000e+002	-3,44445e+001	-6,32122e+001
1478	 1,8462500000e+002	-3,88564e+001	-5,56517e+001
1479	 1,8475000000e+002	-3,85762e+001	-5,12178e+001
1480	 1,8487500000e+002	-3,89001e+001	-5,18278e+001
1481	 1,8500000000e+002	-4,06707e+001	-5,07578e+001
1482	 1,8512500000e+002	-4,09749e+001	-4,82160e+001
1483	 1,8525000000e+002	-4,10961e+001	-4,69823e+001
1484	 1,8537500000e+002	-4,16832e+001	-4,41321e+001
1485	 1,8550000000e+002	-4,13860e+001	-4,18220e+001
1486	 1,8562500000e+002	-3,99507e+001	-4,03152e+001
1487	 1,8575000000e+002	-4,02682e+001	-3,88666e+001
1488	 1,8587500000e+002	-3,98867e+001	-3,68097e+001
1489	 1,8600000000e+002	-3,96019e+001	-3,64432e+001
1490	 1,8612500000e+002	-3,89076e+001	-3,51412e+001
1491	 1,8625000000e+002	-3,87471e+001	-3,41492e+001
1492	 1,8637500000e+002	-3,95758e+001	-3,24586e+001
1493	 1,8650000000e+002	-3,88568e+001	-3,17370e+001
1494	 1,8662500000e+002	-3,67248e+001	-3,12352e+001
1495	 1,8675000000e+002	-3,59917e+001	-3,08378e+001
1496	 1,8687500000e+002	-3,58627e+001	-3,09657e+001
1497	 1,8700000000e+002	-3,56868e+001	-2,92916e+001
1498	 1,8712500000e+002	-3,41569e+001	-2,82592e+001
1499	 1,8725000000e+002	-3,24251e+001	-2,97888e+001
1500	 1,8737500000e+002	-3,19935e+001	-3,00227e+001
1501	 1,8750000000e+002	-3,13166e+001	-2,98500e+001
1502	 1,8762500000e+002	-3,11143e+001	-2,94517e+001
1503	 1,8775000000e+002	-2,97872e+001	-3,00350e+001
1504	 1,8787500000e+002	-2,85620e+001	-3,09668e+001
1505	 1,8800000000e+002	-2,77985e+001	-3,08728e+001
1506	 1,8812500000e+002	-2,64106e+001	-3,09798e+001
1507	 1,8825000000e+002	-2,56910e+001	-3,19842e+001
1508	 1,8837500000e+002	-2,51414e+001	-3,21260e+001
1509	 1,8850000000e+002	-2,39351e+001	-3,45289e+001
1510	 1,8862500000e+002	-2,46183e+001	-3,52564e+001
1511	 1,8875000000e+002	-2,37520e+001	-3,67879e+001
1512	 1,8887500000e+002	-2,32943e+001	-3,86800e+001
1513	 1,8900000000e+002	-2,31888e+001	-4,02053e+001
1514	 1,8912500000e+002	-2,32423e+001	-4,15058e+001
1515	 1,8925000000e+002	-2,42913e+001	-4,32741e+001
1516	 1,8937500000e+002	-2,40730e+001	-4,87102e+001
1517	 1,8950000000e+002	-2,48002e+001	-4,89715e+001
1518	 1,8962500000e+002	-2,86347e+001	-5,24382e+001
1519	 1,8975000000e+002	-3,01828e+001	-5,46312e+001
1520	 1,8987500000e+002	-3,27445e+001	-5,82736e+001
1521	 1,9000000000e+002	-3,56106e+001	-5,94133e+001
1522	 1,9012500000e+002	-3,97308e+001	-6,09983e+001
1523	 1,9025000000e+002	-4,32077e+001	-6,14397e+001
1524	 1,9037500000e+002	-4,95565e+001	-6,23516e+001
1525	 1,9050000000e+002	-5,53762e+001	-6,04112e+001
1526	 1,9062500000e+002	-5,89885e+001	-5,96166e+001
1527	 1,9075000000e+002	-6,21771e+001	-5,73286e+001
1528	 1,9087500000e+002	-6,58194e+001	-5,35396e+001
1529	 1,9100000000e+002	-6,96824e+001	-4,86370e+001
1530	 1,9112500000e+002	-7,08496e+001	-4,64233e+001
1531	 1,9125000000e+002	-7,26837e+001	-4,40176e+001
1532	 1,9137500000e+002	-7,49758e+001	-3,85213e+001
1533	 1,9150000000e+002	-7,31638e+001	-3,58378e+001
1534	 1,9162500000e+002	-7,15976e+001	-3,22432e+001
1535	 1,9175000000e+002	-7,33254e+001	-3,07811e+001
1536	 1,9187500000e+002	-7,21966e+001	-2,38089e+001
1537	 1,9200000000e+002	-7,07982e+001	-2,31418e+001
1538	 1,9212500000e+002	-7,05517e+001	-2,17637e+001
1539	 1,9225000000e+002	-6,96092e+001	-1,96987e+001
1540	 1,9237500000e+002	-6,80847e+001	-1,71843e+001
1541	 1,9250000000e+002	-6,67969e+001	-1,55096e+001
1542	 1,9262500000e+002	-6,52946e+001	-1,36168e+001
1543	 1,9275000000e+002	-6,52820e+001	-1,34177e+001
1544	 1,9287500000e+002	-6,42448e+001	-1,22181e+001
1545	 1,9300000000e+002	-6,28229e+001	-1,13604e+001
1546	 1,9312500000e+002	-6,16614e+001	-1,05270e+001
1547	 1,9325000000e+002	-6,07443e+001	-1,00233e+001
1548	 1,9337500000e+002	-5,95416e+001	-8,87765e+000
1549	 1,9350000000e+002	-5,86692e+001	-8,16514e+000
1550	 1,9362500000e+002	-5,84912e+001	-8,04854e+000
1551	 1,9375000000e+002	-5,82398e+001	-7,97709e+000
1552	 1,9387500000e+002	-5,70924e+001	-7,01796e+000
1553	 1,9400000000e+002	-5,57660e+001	-6,18314e+000
1554	 1,9412500000e+002	-5,53740e+001	-6,14481e+000
1555	 1,9425000000e+002	-5,44452e+001	-5,92276e+000
1556	 1,9437500000e+002	-5,41395e+001	-5,75432e+000
1557	 1,9450000000e+002	-5,36725e+001	-5,13505e+000
1558	 1,9462500000e+002	-5,30912e+001	-4,93852e+000
1559	 1,9475000000e+002	-5,28994e+001	-4,71255e+000
1560	 1,9487500000e+002	-5,23973e+001	-4,53609e+000
1561	 1,9500000000e+002	-5,14655e+001	-4,03781e+000
1562	 1,9512500000e+002	-5,09749e+001	-3,88153e+000
1563	 1,9525000000e+002	-5,01452e+001	-3,67586e+000
1564	 1,9537500000e+002	-4,98488e+001	-3,66287e+000
1565	 1,9550000000e+002	-4,94566e+001	-3,54001e+000
1566	 1,9562500000e+002	-4,88446e+001	-3,27400e+000
1567	 1,9575000000e+002	-4,85441e+001	-3,13819e+000
1568	 1,9587500000e+002	-4,82124e+001	-3,09851e+000
1569	 1,9600000000e+002	-4,74673e+001	-3,06641e+000
1570	 1,9612500000e+002	-4,75131e+001	-2,93825e+000
1571	 1,9625000000e+002	-4,73003e+001	-2,91783e+000
1572	 1,9637500000e+002	-4,67848e+001	-2,64148e+000
1573	 1,9650000000e+002	-4,63382e+001	-2,48922e+000
1574	 1,9662500000e+002	-4,60200e+001	-2,57453e+000
1575	 1,9675000000e+002	-4,58199e+001	-2,41809e+000
1576	 1,9687500000e+002	-4,54552e+001	-2,07744e+000
1577	 1,9700000000e+002	-4,48604e+001	-2,09955e+000
1578	 1,9712500000e+002	-4,46288e+001	-2,06879e+000
1579	 1,9725000000e+002	-4,43903e+001	-2,04129e+000
1580	 1,9737500000e+002	-4,43616e+001	-1,91853e+000
1581	 1,9750000000e+002	-4,42871e+001	-1,99093e+000
1582	 1,9762500000e+002	-4,37649e+001	-1,88794e+000
1583	 1,9775000000e+002	-4,34725e+001	-2,02689e+000
1584	 1,9787500000e+002	-4,30702e+001	-2,09595e+000
1585	 1,9800000000e+002	-4,29433e+001	-1,79795e+000
1586	 1,9812500000e+002	-4,27622e+001	-1,77431e+000
1587	 1,9825000000e+002	-4,24802e+001	-1,70408e+000
1588	 1,9837500000e+002	-4,23840e+001	-1,48515e+000
1589	 1,9850000000e+002	-4,22670e+001	-1,44416e+000
1590	 1,9862500000e+002	-4,22772e+001	-1,36264e+000
1591	 1,9875000000e+002	-4,17199e+001	-1,61649e+000
1592	 1,9887500000e+002	-4,14189e+001	-1,47829e+000
1593	 1,9900000000e+002	-4,12990e+001	-1,35305e+000
1594	 1,9912500000e+002	-4,11535e+001	-1,30297e+000
1595	 1,9925000000e+002	-4,08589e+001	-1,47456e+000
1596	 1,9937500000e+002	-4,05630e+001	-1,35292e+000
1597	 1,9950000000e+002	-4,06238e+001	-1,25370e+000
1598	 1,9962500000e+002	-4,05892e+001	-1,25693e+000
1599	 1,9975000000e+002	-4,04097e+001	-1,02846e+000
1600	 1,9987500000e+002	-4,01875e+001	-1,37830e+000
1601	 2,0000000000e+002	-3,97804e+001	-1,31533e+000
TagsBegin:	 	 	 
OverLoad:	 	False	 
AverageNumber: []	 	 3,00000e+000	 
OverLoadRatio: []	 	 1,19209e-007	 
TagsEnd:	 	 	 
TagScalesBegin:	 	 	 
TagScalesEnd:	 	 	 
