Header Size:	 79	 	 
Pulse Version:	 80	 	 
Running Pulse Version:	PULSE LabShop  Version 18.1.0.28 - 2013-11-23	 	 
Decimal Symbol:	,	 	 
Date Format:	dd.MM.yyyy	 	 
Time Format:	HH:mm:ss:mmm	 	 
Data Type:	Complex	 	 
Slice:	False	 	 
Z-Axis type:	Linear	 	 
Z-Axis size:	1	 	 
Z-Axis unit:	 	 	 
Z-Axis first value:	 0,0000000000e+000	 	 
Z-Axis delta:	 1,0000000000e+000	 	 
X-Axis type:	Linear	 	 
X-Axis size:	1601	 	 
X-Axis unit:	Hz	 	 
X-Axis first value:	 0,0000000000e+000	 	 
X-Axis delta:	 1,2500000000e-001	 	 
	 	 	 
AmplitudeUnit:	(m/s²)/N	 	 
Analyzer:	FFT_Spectrum_Averaging	 	 
AnalyzerName:	STS FFT Analyzer	 	 
	 	 	 
	 	 	 
Bipolar:	True	 	 
CenterFrequency:	 1,0000000000e+002	 	 
	 	 	 
	 	 	 
	 	 	 
	 	 	 
	 	 	 
	 	 	 
	 	 	 
	 	 	 
Domain:	1	 	 
Function:	Frequency Response	 	 
	 	 	 
	 	 	 
	 	 	 
	 	 	 
MultiBufferName:	Input	 	 
NBW:	 1,5000000000e+000	 	 
	 	 	 
OverlapFailed:	False	 	 
Overrun:	False	 	 
Power:	False	 	 
	 	 	 
Ratio:	True	 	 
RecordLength:	 8,0000000000e+000	 	 
ReducedSize:	True	 	 
Ref_Signal:	ForceTransducer Ref.	 	 
	 	 	 
	 	 	 
RefSignalUnit:	N	 	 
	 	 	 
	 	 	 
Signal:	4507 B 1-x	 	 
	 	 	 
SignalUnit:	m/s²	 	 
	 	 	 
	 	 	 
	 	 	 
Title:	Frequency Response H1(4507 B 1-x,ForceTransducer Ref.) - STS Measurement 1	 	 
Title1:	STS : STS Measurement 1 : Input : STS FFT Analyzer	 	 
	 	 	 
	 	 	 
	 	 	 
ZoomOn:	False	 	 
	 	 	 
TemplateName:	STS	 	 
MeasurementName:	STS Measurement 1	 	 
MeasurementSlice:	False	 	 
	 	 	 
	 	 	 
	 	 	 
EnvelopeOn:	False	 	 
	 	 	 
	 	 	 
	 	 	 
Z-index:	 	1	 
Date:	 	01.03.2016	 
Time:	 	16:48:23:583	 
Relative time:	 	 0,00000e+000	 
Z-axis:	 	 0,0000000000e+000	 
1	 0,0000000000e+000	-2,31827e+002	-0,00000e+000
2	 1,2500000000e-001	-1,46174e+002	 3,37140e+001
3	 2,5000000000e-001	-3,22956e+001	-4,76200e+000
4	 3,7500000000e-001	 1,02121e+000	-7,15129e+000
5	 5,0000000000e-001	 1,21249e+000	-3,31150e+000
6	 6,2500000000e-001	 2,32101e+000	-7,66004e-001
7	 7,5000000000e-001	 1,36998e+000	-1,40002e+000
8	 8,7500000000e-001	 5,39669e-001	-1,60977e+000
9	 1,0000000000e+000	 9,07142e-001	-1,49960e-001
10	 1,1250000000e+000	 7,09943e-001	 7,48805e-001
11	 1,2500000000e+000	 3,80913e-001	 5,68591e-001
12	 1,3750000000e+000	 1,03222e+000	 8,40713e-002
13	 1,5000000000e+000	 6,62744e-001	-5,78607e-001
14	 1,6250000000e+000	 5,98936e-001	-3,59708e-001
15	 1,7500000000e+000	 4,47852e-001	 4,53456e-004
16	 1,8750000000e+000	 2,56494e-001	-2,11733e-001
17	 2,0000000000e+000	 3,70355e-001	-4,67597e-001
18	 2,1250000000e+000	 8,37410e-001	-2,41913e-001
19	 2,2500000000e+000	 8,06325e-001	-2,32714e-001
20	 2,3750000000e+000	 1,53524e-001	 4,28744e-001
21	 2,5000000000e+000	 1,49410e+000	 4,13520e-002
22	 2,6250000000e+000	 1,31523e+000	-3,50283e-002
23	 2,7500000000e+000	 1,48996e+000	-5,12925e-001
24	 2,8750000000e+000	 1,54675e+000	-5,71812e-001
25	 3,0000000000e+000	 5,84769e-001	-4,67198e-001
26	 3,1250000000e+000	 1,42869e+000	-3,04357e-001
27	 3,2500000000e+000	 1,61903e+000	-1,19549e-001
28	 3,3750000000e+000	 2,17438e+000	-1,12559e-001
29	 3,5000000000e+000	 1,95245e+000	-4,76467e-001
30	 3,6250000000e+000	 2,20843e+000	-2,64966e-001
31	 3,7500000000e+000	 2,85263e+000	-1,35062e-001
32	 3,8750000000e+000	 2,87515e+000	-3,03057e-001
33	 4,0000000000e+000	 2,73726e+000	-4,45502e-001
34	 4,1250000000e+000	 2,82378e+000	-4,49066e-001
35	 4,2500000000e+000	 2,73880e+000	-4,67691e-001
36	 4,3750000000e+000	 3,92333e+000	-6,16438e-001
37	 4,5000000000e+000	 3,97615e+000	-3,95941e-001
38	 4,6250000000e+000	 4,16593e+000	-4,69482e-001
39	 4,7500000000e+000	 4,38703e+000	-6,85440e-001
40	 4,8750000000e+000	 4,69654e+000	-3,27620e-001
41	 5,0000000000e+000	 4,81344e+000	-3,80127e-001
42	 5,1250000000e+000	 5,01308e+000	-7,33123e-001
43	 5,2500000000e+000	 5,09111e+000	-8,39792e-001
44	 5,3750000000e+000	 5,03353e+000	-1,27409e+000
45	 5,5000000000e+000	 6,00701e+000	-5,24431e-001
46	 5,6250000000e+000	 6,89261e+000	-8,57273e-001
47	 5,7500000000e+000	 6,82725e+000	-6,34697e-001
48	 5,8750000000e+000	 7,46937e+000	-8,60637e-001
49	 6,0000000000e+000	 7,93501e+000	-9,41303e-001
50	 6,1250000000e+000	 8,16475e+000	-1,03793e+000
51	 6,2500000000e+000	 8,62631e+000	-1,38653e+000
52	 6,3750000000e+000	 9,43504e+000	-1,52635e+000
53	 6,5000000000e+000	 9,96164e+000	-1,33236e+000
54	 6,6250000000e+000	 1,06003e+001	-1,29335e+000
55	 6,7500000000e+000	 1,11795e+001	-1,41251e+000
56	 6,8750000000e+000	 1,15091e+001	-1,83045e+000
57	 7,0000000000e+000	 1,30759e+001	-2,88831e+000
58	 7,1250000000e+000	 1,36445e+001	-1,69027e+000
59	 7,2500000000e+000	 1,46636e+001	-1,48039e+000
60	 7,3750000000e+000	 1,47495e+001	-1,32196e+000
61	 7,5000000000e+000	 1,55041e+001	-1,03977e+000
62	 7,6250000000e+000	 1,72489e+001	-1,12462e+000
63	 7,7500000000e+000	 1,83952e+001	-1,58129e+000
64	 7,8750000000e+000	 2,06001e+001	-1,80175e+000
65	 8,0000000000e+000	 2,10850e+001	-2,38412e+000
66	 8,1250000000e+000	 2,15276e+001	-2,53177e+000
67	 8,2500000000e+000	 2,25418e+001	-3,25152e+000
68	 8,3750000000e+000	 2,44816e+001	-3,29356e+000
69	 8,5000000000e+000	 2,69706e+001	-2,83904e+000
70	 8,6250000000e+000	 2,92031e+001	-2,95120e+000
71	 8,7500000000e+000	 3,08402e+001	-3,16396e+000
72	 8,8750000000e+000	 3,30194e+001	-3,09109e+000
73	 9,0000000000e+000	 3,62690e+001	-1,43192e+000
74	 9,1250000000e+000	 3,99366e+001	-3,65732e+000
75	 9,2500000000e+000	 4,13937e+001	-4,22009e+000
76	 9,3750000000e+000	 4,91722e+001	-4,61081e+000
77	 9,5000000000e+000	 5,26630e+001	-6,56322e+000
78	 9,6250000000e+000	 5,82964e+001	-8,48525e+000
79	 9,7500000000e+000	 6,57704e+001	-1,06845e+001
80	 9,8750000000e+000	 7,68795e+001	-7,52563e+000
81	 1,0000000000e+001	 8,88957e+001	-6,44242e+000
82	 1,0125000000e+001	 9,78416e+001	-7,42648e+000
83	 1,0250000000e+001	 1,06564e+002	-2,21926e+000
84	 1,0375000000e+001	 1,11140e+002	 6,15020e+000
85	 1,0500000000e+001	 1,28086e+002	 3,34036e+001
86	 1,0625000000e+001	 1,42237e+002	 9,19641e+001
87	 1,0750000000e+001	 1,06778e+002	 1,94693e+002
88	 1,0875000000e+001	-8,00498e+000	 3,26595e+002
89	 1,1000000000e+001	-1,26808e+002	 2,75050e+002
90	 1,1125000000e+001	-1,68199e+002	 1,48524e+002
91	 1,1250000000e+001	-1,42125e+002	 4,48359e+001
92	 1,1375000000e+001	-1,37425e+002	 2,40370e+001
93	 1,1500000000e+001	-1,20905e+002	 8,80642e+000
94	 1,1625000000e+001	-1,17205e+002	 8,66184e+000
95	 1,1750000000e+001	-1,01516e+002	 4,56687e+000
96	 1,1875000000e+001	-9,16986e+001	 3,47286e-001
97	 1,2000000000e+001	-8,92087e+001	 1,09736e+000
98	 1,2125000000e+001	-8,33887e+001	-5,96698e-001
99	 1,2250000000e+001	-7,61017e+001	-1,84974e-001
100	 1,2375000000e+001	-7,50851e+001	-1,94986e-001
101	 1,2500000000e+001	-7,04454e+001	-8,04872e-001
102	 1,2625000000e+001	-6,60622e+001	 2,96260e-001
103	 1,2750000000e+001	-6,31141e+001	 4,38587e-001
104	 1,2875000000e+001	-5,97747e+001	 8,22843e-001
105	 1,3000000000e+001	-5,72269e+001	 1,40334e+000
106	 1,3125000000e+001	-5,52832e+001	 1,19981e+000
107	 1,3250000000e+001	-5,29158e+001	 7,38997e-001
108	 1,3375000000e+001	-5,09655e+001	 7,82492e-001
109	 1,3500000000e+001	-5,02397e+001	 6,60661e-001
110	 1,3625000000e+001	-4,83302e+001	 7,46571e-001
111	 1,3750000000e+001	-4,41928e+001	 1,39237e+000
112	 1,3875000000e+001	-4,44667e+001	 6,08548e-001
113	 1,4000000000e+001	-4,28853e+001	 9,49231e-001
114	 1,4125000000e+001	-4,21759e+001	 1,17436e+000
115	 1,4250000000e+001	-4,18097e+001	 1,45600e+000
116	 1,4375000000e+001	-4,03050e+001	 1,03098e+000
117	 1,4500000000e+001	-3,91842e+001	 9,94878e-001
118	 1,4625000000e+001	-3,87092e+001	 1,04501e+000
119	 1,4750000000e+001	-3,82939e+001	 1,00475e+000
120	 1,4875000000e+001	-3,71786e+001	 8,85002e-001
121	 1,5000000000e+001	-3,66166e+001	 9,35265e-001
122	 1,5125000000e+001	-3,58789e+001	 1,09910e+000
123	 1,5250000000e+001	-3,53927e+001	 1,20995e+000
124	 1,5375000000e+001	-3,49289e+001	 8,95451e-001
125	 1,5500000000e+001	-3,43453e+001	 8,61378e-001
126	 1,5625000000e+001	-3,37249e+001	 9,41345e-001
127	 1,5750000000e+001	-3,33774e+001	 1,13526e+000
128	 1,5875000000e+001	-3,27632e+001	 1,20237e+000
129	 1,6000000000e+001	-3,24303e+001	 1,07634e+000
130	 1,6125000000e+001	-3,17640e+001	 9,16373e-001
131	 1,6250000000e+001	-3,13321e+001	 9,48678e-001
132	 1,6375000000e+001	-3,10534e+001	 1,13457e+000
133	 1,6500000000e+001	-3,06755e+001	 1,00819e+000
134	 1,6625000000e+001	-3,04879e+001	 8,87845e-001
135	 1,6750000000e+001	-2,99522e+001	 7,33045e-001
136	 1,6875000000e+001	-2,96941e+001	 9,00999e-001
137	 1,7000000000e+001	-2,94183e+001	 8,81420e-001
138	 1,7125000000e+001	-2,91506e+001	 8,16577e-001
139	 1,7250000000e+001	-2,90126e+001	 9,75375e-001
140	 1,7375000000e+001	-2,87504e+001	 7,06506e-001
141	 1,7500000000e+001	-2,81854e+001	 6,54736e-001
142	 1,7625000000e+001	-2,79923e+001	 7,15790e-001
143	 1,7750000000e+001	-2,75670e+001	 9,74661e-001
144	 1,7875000000e+001	-2,75337e+001	 8,94732e-001
145	 1,8000000000e+001	-2,72328e+001	 8,00194e-001
146	 1,8125000000e+001	-2,70761e+001	 8,55200e-001
147	 1,8250000000e+001	-2,68351e+001	 1,03953e+000
148	 1,8375000000e+001	-2,66980e+001	 1,08291e+000
149	 1,8500000000e+001	-2,64696e+001	 8,82425e-001
150	 1,8625000000e+001	-2,61835e+001	 1,01790e+000
151	 1,8750000000e+001	-2,61984e+001	 1,22106e+000
152	 1,8875000000e+001	-2,57965e+001	 7,58180e-001
153	 1,9000000000e+001	-2,57249e+001	 8,12467e-001
154	 1,9125000000e+001	-2,53681e+001	 9,13609e-001
155	 1,9250000000e+001	-2,52888e+001	 9,70468e-001
156	 1,9375000000e+001	-2,52445e+001	 9,84035e-001
157	 1,9500000000e+001	-2,49221e+001	 8,22877e-001
158	 1,9625000000e+001	-2,48576e+001	 8,56620e-001
159	 1,9750000000e+001	-2,47240e+001	 8,59411e-001
160	 1,9875000000e+001	-2,46050e+001	 8,55530e-001
161	 2,0000000000e+001	-2,44543e+001	 8,74509e-001
162	 2,0125000000e+001	-2,43039e+001	 8,63806e-001
163	 2,0250000000e+001	-2,42048e+001	 8,13728e-001
164	 2,0375000000e+001	-2,40766e+001	 8,83099e-001
165	 2,0500000000e+001	-2,39027e+001	 8,55010e-001
166	 2,0625000000e+001	-2,37859e+001	 8,41628e-001
167	 2,0750000000e+001	-2,37103e+001	 8,76374e-001
168	 2,0875000000e+001	-2,34845e+001	 9,51713e-001
169	 2,1000000000e+001	-2,34531e+001	 9,08563e-001
170	 2,1125000000e+001	-2,33868e+001	 8,50673e-001
171	 2,1250000000e+001	-2,32221e+001	 8,16509e-001
172	 2,1375000000e+001	-2,31380e+001	 8,89158e-001
173	 2,1500000000e+001	-2,29157e+001	 9,17711e-001
174	 2,1625000000e+001	-2,28503e+001	 8,88083e-001
175	 2,1750000000e+001	-2,28009e+001	 8,26579e-001
176	 2,1875000000e+001	-2,26663e+001	 8,90567e-001
177	 2,2000000000e+001	-2,25667e+001	 8,52680e-001
178	 2,2125000000e+001	-2,24835e+001	 8,50498e-001
179	 2,2250000000e+001	-2,23961e+001	 8,66119e-001
180	 2,2375000000e+001	-2,23339e+001	 8,33069e-001
181	 2,2500000000e+001	-2,22574e+001	 8,20564e-001
182	 2,2625000000e+001	-2,21301e+001	 8,27640e-001
183	 2,2750000000e+001	-2,19749e+001	 7,79446e-001
184	 2,2875000000e+001	-2,19233e+001	 8,39610e-001
185	 2,3000000000e+001	-2,18595e+001	 8,43741e-001
186	 2,3125000000e+001	-2,16582e+001	 8,29127e-001
187	 2,3250000000e+001	-2,16067e+001	 8,12906e-001
188	 2,3375000000e+001	-2,15882e+001	 8,00008e-001
189	 2,3500000000e+001	-2,15555e+001	 7,81607e-001
190	 2,3625000000e+001	-2,14786e+001	 8,42965e-001
191	 2,3750000000e+001	-2,14334e+001	 8,53112e-001
192	 2,3875000000e+001	-2,12695e+001	 8,99984e-001
193	 2,4000000000e+001	-2,12172e+001	 8,78115e-001
194	 2,4125000000e+001	-2,11585e+001	 8,65854e-001
195	 2,4250000000e+001	-2,10534e+001	 8,61642e-001
196	 2,4375000000e+001	-2,10440e+001	 8,47750e-001
197	 2,4500000000e+001	-2,09605e+001	 7,98788e-001
198	 2,4625000000e+001	-2,09470e+001	 8,04525e-001
199	 2,4750000000e+001	-2,07956e+001	 8,15940e-001
200	 2,4875000000e+001	-2,07628e+001	 8,02112e-001
201	 2,5000000000e+001	-2,06935e+001	 8,29019e-001
202	 2,5125000000e+001	-2,06728e+001	 8,29052e-001
203	 2,5250000000e+001	-2,05566e+001	 8,61227e-001
204	 2,5375000000e+001	-2,04845e+001	 8,84026e-001
205	 2,5500000000e+001	-2,04430e+001	 8,48309e-001
206	 2,5625000000e+001	-2,04032e+001	 7,82106e-001
207	 2,5750000000e+001	-2,03531e+001	 7,43446e-001
208	 2,5875000000e+001	-2,01975e+001	 7,65580e-001
209	 2,6000000000e+001	-2,01569e+001	 7,92632e-001
210	 2,6125000000e+001	-2,00929e+001	 7,88656e-001
211	 2,6250000000e+001	-2,00653e+001	 7,78380e-001
212	 2,6375000000e+001	-2,00634e+001	 7,85558e-001
213	 2,6500000000e+001	-1,99957e+001	 7,41325e-001
214	 2,6625000000e+001	-1,98932e+001	 7,75952e-001
215	 2,6750000000e+001	-1,98451e+001	 7,54720e-001
216	 2,6875000000e+001	-1,98308e+001	 7,20523e-001
217	 2,7000000000e+001	-1,98204e+001	 6,38505e-001
218	 2,7125000000e+001	-1,96725e+001	 7,42049e-001
219	 2,7250000000e+001	-1,96102e+001	 7,28698e-001
220	 2,7375000000e+001	-1,95433e+001	 7,02866e-001
221	 2,7500000000e+001	-1,95346e+001	 6,95403e-001
222	 2,7625000000e+001	-1,94838e+001	 6,91322e-001
223	 2,7750000000e+001	-1,94332e+001	 6,86546e-001
224	 2,7875000000e+001	-1,93912e+001	 7,16565e-001
225	 2,8000000000e+001	-1,93290e+001	 7,14317e-001
226	 2,8125000000e+001	-1,92811e+001	 7,00144e-001
227	 2,8250000000e+001	-1,92939e+001	 7,20403e-001
228	 2,8375000000e+001	-1,91883e+001	 6,80309e-001
229	 2,8500000000e+001	-1,91774e+001	 6,81875e-001
230	 2,8625000000e+001	-1,91536e+001	 6,68789e-001
231	 2,8750000000e+001	-1,91002e+001	 6,68310e-001
232	 2,8875000000e+001	-1,90706e+001	 6,58699e-001
233	 2,9000000000e+001	-1,89723e+001	 6,78297e-001
234	 2,9125000000e+001	-1,89813e+001	 6,73943e-001
235	 2,9250000000e+001	-1,89418e+001	 6,67932e-001
236	 2,9375000000e+001	-1,88748e+001	 6,85493e-001
237	 2,9500000000e+001	-1,88198e+001	 6,80831e-001
238	 2,9625000000e+001	-1,87863e+001	 6,60955e-001
239	 2,9750000000e+001	-1,87698e+001	 6,71780e-001
240	 2,9875000000e+001	-1,87443e+001	 6,75510e-001
241	 3,0000000000e+001	-1,86371e+001	 6,68190e-001
242	 3,0125000000e+001	-1,85983e+001	 6,71570e-001
243	 3,0250000000e+001	-1,85493e+001	 6,61487e-001
244	 3,0375000000e+001	-1,85293e+001	 6,39989e-001
245	 3,0500000000e+001	-1,85062e+001	 6,30622e-001
246	 3,0625000000e+001	-1,84430e+001	 6,22142e-001
247	 3,0750000000e+001	-1,84118e+001	 6,32207e-001
248	 3,0875000000e+001	-1,83837e+001	 6,32637e-001
249	 3,1000000000e+001	-1,83351e+001	 6,23177e-001
250	 3,1125000000e+001	-1,82740e+001	 6,46108e-001
251	 3,1250000000e+001	-1,82508e+001	 6,20192e-001
252	 3,1375000000e+001	-1,82123e+001	 6,01173e-001
253	 3,1500000000e+001	-1,81874e+001	 5,92498e-001
254	 3,1625000000e+001	-1,81658e+001	 5,97648e-001
255	 3,1750000000e+001	-1,81206e+001	 5,86894e-001
256	 3,1875000000e+001	-1,80674e+001	 5,85256e-001
257	 3,2000000000e+001	-1,80593e+001	 5,88778e-001
258	 3,2125000000e+001	-1,79937e+001	 6,34780e-001
259	 3,2250000000e+001	-1,79476e+001	 5,88826e-001
260	 3,2375000000e+001	-1,79457e+001	 5,80372e-001
261	 3,2500000000e+001	-1,79107e+001	 5,86879e-001
262	 3,2625000000e+001	-1,78959e+001	 5,64329e-001
263	 3,2750000000e+001	-1,78072e+001	 5,65557e-001
264	 3,2875000000e+001	-1,77959e+001	 5,65451e-001
265	 3,3000000000e+001	-1,77474e+001	 5,81040e-001
266	 3,3125000000e+001	-1,76888e+001	 5,54655e-001
267	 3,3250000000e+001	-1,76723e+001	 5,48135e-001
268	 3,3375000000e+001	-1,76772e+001	 5,47728e-001
269	 3,3500000000e+001	-1,76236e+001	 5,47788e-001
270	 3,3625000000e+001	-1,75690e+001	 5,40017e-001
271	 3,3750000000e+001	-1,75511e+001	 5,30266e-001
272	 3,3875000000e+001	-1,75411e+001	 5,16450e-001
273	 3,4000000000e+001	-1,74917e+001	 4,89978e-001
274	 3,4125000000e+001	-1,74822e+001	 4,94886e-001
275	 3,4250000000e+001	-1,73905e+001	 5,18484e-001
276	 3,4375000000e+001	-1,73719e+001	 4,99218e-001
277	 3,4500000000e+001	-1,73580e+001	 5,14999e-001
278	 3,4625000000e+001	-1,73382e+001	 5,17173e-001
279	 3,4750000000e+001	-1,72850e+001	 5,23471e-001
280	 3,4875000000e+001	-1,72538e+001	 5,16834e-001
281	 3,5000000000e+001	-1,72248e+001	 5,30210e-001
282	 3,5125000000e+001	-1,71922e+001	 5,39475e-001
283	 3,5250000000e+001	-1,71453e+001	 5,39278e-001
284	 3,5375000000e+001	-1,71229e+001	 5,36033e-001
285	 3,5500000000e+001	-1,70912e+001	 5,24918e-001
286	 3,5625000000e+001	-1,70593e+001	 5,14305e-001
287	 3,5750000000e+001	-1,70360e+001	 5,07668e-001
288	 3,5875000000e+001	-1,69540e+001	 5,07708e-001
289	 3,6000000000e+001	-1,69400e+001	 5,05634e-001
290	 3,6125000000e+001	-1,69131e+001	 5,07849e-001
291	 3,6250000000e+001	-1,68603e+001	 5,07329e-001
292	 3,6375000000e+001	-1,68527e+001	 5,09508e-001
293	 3,6500000000e+001	-1,67869e+001	 5,15095e-001
294	 3,6625000000e+001	-1,67735e+001	 5,09751e-001
295	 3,6750000000e+001	-1,67410e+001	 4,92317e-001
296	 3,6875000000e+001	-1,66817e+001	 4,96248e-001
297	 3,7000000000e+001	-1,66722e+001	 4,96220e-001
298	 3,7125000000e+001	-1,66429e+001	 4,98218e-001
299	 3,7250000000e+001	-1,66012e+001	 4,88169e-001
300	 3,7375000000e+001	-1,65708e+001	 4,84210e-001
301	 3,7500000000e+001	-1,65483e+001	 4,97593e-001
302	 3,7625000000e+001	-1,64707e+001	 4,74114e-001
303	 3,7750000000e+001	-1,64615e+001	 4,87703e-001
304	 3,7875000000e+001	-1,64259e+001	 4,91195e-001
305	 3,8000000000e+001	-1,63847e+001	 4,72952e-001
306	 3,8125000000e+001	-1,63489e+001	 4,74181e-001
307	 3,8250000000e+001	-1,63367e+001	 4,68322e-001
308	 3,8375000000e+001	-1,62781e+001	 4,57881e-001
309	 3,8500000000e+001	-1,62500e+001	 4,61330e-001
310	 3,8625000000e+001	-1,62222e+001	 4,77973e-001
311	 3,8750000000e+001	-1,61875e+001	 4,74914e-001
312	 3,8875000000e+001	-1,61611e+001	 4,74068e-001
313	 3,9000000000e+001	-1,60953e+001	 4,55984e-001
314	 3,9125000000e+001	-1,60719e+001	 4,47921e-001
315	 3,9250000000e+001	-1,60630e+001	 4,38567e-001
316	 3,9375000000e+001	-1,60168e+001	 4,24708e-001
317	 3,9500000000e+001	-1,59489e+001	 4,08345e-001
318	 3,9625000000e+001	-1,59189e+001	 4,52773e-001
319	 3,9750000000e+001	-1,58976e+001	 4,44378e-001
320	 3,9875000000e+001	-1,58384e+001	 4,33027e-001
321	 4,0000000000e+001	-1,58145e+001	 4,43389e-001
322	 4,0125000000e+001	-1,57908e+001	 4,41722e-001
323	 4,0250000000e+001	-1,57635e+001	 4,32978e-001
324	 4,0375000000e+001	-1,57104e+001	 4,24837e-001
325	 4,0500000000e+001	-1,56764e+001	 4,23465e-001
326	 4,0625000000e+001	-1,56423e+001	 4,33816e-001
327	 4,0750000000e+001	-1,55675e+001	 4,15029e-001
328	 4,0875000000e+001	-1,55341e+001	 4,07877e-001
329	 4,1000000000e+001	-1,55165e+001	 4,17396e-001
330	 4,1125000000e+001	-1,54931e+001	 4,10786e-001
331	 4,1250000000e+001	-1,54327e+001	 4,15771e-001
332	 4,1375000000e+001	-1,54177e+001	 4,07843e-001
333	 4,1500000000e+001	-1,53909e+001	 3,88010e-001
334	 4,1625000000e+001	-1,53083e+001	 4,40007e-001
335	 4,1750000000e+001	-1,52843e+001	 4,26223e-001
336	 4,1875000000e+001	-1,52578e+001	 4,20248e-001
337	 4,2000000000e+001	-1,52353e+001	 4,04222e-001
338	 4,2125000000e+001	-1,51697e+001	 3,95829e-001
339	 4,2250000000e+001	-1,51095e+001	 4,04427e-001
340	 4,2375000000e+001	-1,50901e+001	 3,90332e-001
341	 4,2500000000e+001	-1,50539e+001	 4,00342e-001
342	 4,2625000000e+001	-1,50064e+001	 3,81623e-001
343	 4,2750000000e+001	-1,49887e+001	 3,86363e-001
344	 4,2875000000e+001	-1,49571e+001	 3,78118e-001
345	 4,3000000000e+001	-1,49211e+001	 3,74814e-001
346	 4,3125000000e+001	-1,48610e+001	 3,86814e-001
347	 4,3250000000e+001	-1,48060e+001	 4,02723e-001
348	 4,3375000000e+001	-1,47702e+001	 3,96264e-001
349	 4,3500000000e+001	-1,47532e+001	 3,47663e-001
350	 4,3625000000e+001	-1,46607e+001	 3,64099e-001
351	 4,3750000000e+001	-1,46494e+001	 3,95715e-001
352	 4,3875000000e+001	-1,45974e+001	 3,93110e-001
353	 4,4000000000e+001	-1,45594e+001	 3,75659e-001
354	 4,4125000000e+001	-1,45227e+001	 3,57586e-001
355	 4,4250000000e+001	-1,44825e+001	 3,53243e-001
356	 4,4375000000e+001	-1,44479e+001	 3,59447e-001
357	 4,4500000000e+001	-1,43948e+001	 3,48446e-001
358	 4,4625000000e+001	-1,43566e+001	 3,40522e-001
359	 4,4750000000e+001	-1,43087e+001	 3,46696e-001
360	 4,4875000000e+001	-1,42754e+001	 3,45476e-001
361	 4,5000000000e+001	-1,41340e+001	 3,09415e-001
362	 4,5125000000e+001	-1,41565e+001	 3,42811e-001
363	 4,5250000000e+001	-1,41153e+001	 3,45749e-001
364	 4,5375000000e+001	-1,40761e+001	 3,57007e-001
365	 4,5500000000e+001	-1,40371e+001	 3,53775e-001
366	 4,5625000000e+001	-1,39644e+001	 3,20387e-001
367	 4,5750000000e+001	-1,39413e+001	 3,25039e-001
368	 4,5875000000e+001	-1,38567e+001	 3,35193e-001
369	 4,6000000000e+001	-1,38196e+001	 3,26895e-001
370	 4,6125000000e+001	-1,37834e+001	 3,13827e-001
371	 4,6250000000e+001	-1,37511e+001	 3,22349e-001
372	 4,6375000000e+001	-1,37054e+001	 3,28389e-001
373	 4,6500000000e+001	-1,36671e+001	 3,47068e-001
374	 4,6625000000e+001	-1,36090e+001	 3,42547e-001
375	 4,6750000000e+001	-1,35124e+001	 3,09972e-001
376	 4,6875000000e+001	-1,35012e+001	 3,01777e-001
377	 4,7000000000e+001	-1,34158e+001	 3,06636e-001
378	 4,7125000000e+001	-1,34168e+001	 2,88168e-001
379	 4,7250000000e+001	-1,33242e+001	 2,78487e-001
380	 4,7375000000e+001	-1,32715e+001	 2,69753e-001
381	 4,7500000000e+001	-1,32200e+001	 2,79374e-001
382	 4,7625000000e+001	-1,32121e+001	 2,91392e-001
383	 4,7750000000e+001	-1,31160e+001	 2,90415e-001
384	 4,7875000000e+001	-1,30881e+001	 2,89167e-001
385	 4,8000000000e+001	-1,30312e+001	 2,64920e-001
386	 4,8125000000e+001	-1,29683e+001	 2,54872e-001
387	 4,8250000000e+001	-1,29164e+001	 2,61844e-001
388	 4,8375000000e+001	-1,28240e+001	 2,52551e-001
389	 4,8500000000e+001	-1,28141e+001	 2,58800e-001
390	 4,8625000000e+001	-1,27510e+001	 2,46177e-001
391	 4,8750000000e+001	-1,26505e+001	 2,37827e-001
392	 4,8875000000e+001	-1,26338e+001	 2,61954e-001
393	 4,9000000000e+001	-1,25159e+001	 2,27335e-001
394	 4,9125000000e+001	-1,25018e+001	 2,47267e-001
395	 4,9250000000e+001	-1,24561e+001	 2,36668e-001
396	 4,9375000000e+001	-1,23633e+001	 2,33988e-001
397	 4,9500000000e+001	-1,23119e+001	 2,38121e-001
398	 4,9625000000e+001	-1,22861e+001	 2,31799e-001
399	 4,9750000000e+001	-1,21875e+001	 2,62665e-001
400	 4,9875000000e+001	-1,21234e+001	 2,27666e-001
401	 5,0000000000e+001	-1,20671e+001	 2,21874e-001
402	 5,0125000000e+001	-1,19552e+001	 2,06409e-001
403	 5,0250000000e+001	-1,19279e+001	 1,89124e-001
404	 5,0375000000e+001	-1,18737e+001	 1,78354e-001
405	 5,0500000000e+001	-1,18021e+001	 9,12028e-002
406	 5,0625000000e+001	-1,16933e+001	 1,13263e-001
407	 5,0750000000e+001	-1,16352e+001	 1,32638e-001
408	 5,0875000000e+001	-1,15981e+001	 1,55069e-001
409	 5,1000000000e+001	-1,15565e+001	 1,82150e-001
410	 5,1125000000e+001	-1,14078e+001	 1,41105e-001
411	 5,1250000000e+001	-1,13668e+001	 1,38444e-001
412	 5,1375000000e+001	-1,13278e+001	 1,49705e-001
413	 5,1500000000e+001	-1,12341e+001	 1,53603e-001
414	 5,1625000000e+001	-1,11542e+001	 1,05367e-001
415	 5,1750000000e+001	-1,10920e+001	 1,20156e-001
416	 5,1875000000e+001	-1,10536e+001	 1,10958e-001
417	 5,2000000000e+001	-1,10073e+001	 1,15648e-001
418	 5,2125000000e+001	-1,08892e+001	 7,15812e-002
419	 5,2250000000e+001	-1,08346e+001	 8,48984e-002
420	 5,2375000000e+001	-1,07720e+001	 8,50778e-002
421	 5,2500000000e+001	-1,06448e+001	 7,53671e-002
422	 5,2625000000e+001	-1,05775e+001	 5,81069e-002
423	 5,2750000000e+001	-1,05542e+001	 4,47988e-002
424	 5,2875000000e+001	-1,04007e+001	 7,45400e-002
425	 5,3000000000e+001	-1,03295e+001	 4,87748e-002
426	 5,3125000000e+001	-1,02797e+001	 6,48005e-002
427	 5,3250000000e+001	-1,01418e+001	 3,60538e-002
428	 5,3375000000e+001	-1,00953e+001	 2,18582e-002
429	 5,3500000000e+001	-1,00210e+001	 3,47419e-002
430	 5,3625000000e+001	-9,85416e+000	 6,32236e-002
431	 5,3750000000e+001	-9,78755e+000	 1,89761e-003
432	 5,3875000000e+001	-9,70940e+000	 4,07159e-003
433	 5,4000000000e+001	-9,62114e+000	 1,50857e-002
434	 5,4125000000e+001	-9,51100e+000	 7,25436e-002
435	 5,4250000000e+001	-9,39773e+000	 2,16515e-003
436	 5,4375000000e+001	-9,35508e+000	-1,15401e-002
437	 5,4500000000e+001	-9,23065e+000	-2,52917e-003
438	 5,4625000000e+001	-9,13090e+000	-3,98837e-003
439	 5,4750000000e+001	-9,07086e+000	 9,42447e-004
440	 5,4875000000e+001	-8,89967e+000	 2,40563e-002
441	 5,5000000000e+001	-8,82005e+000	-1,16136e-002
442	 5,5125000000e+001	-8,74299e+000	-3,45382e-002
443	 5,5250000000e+001	-8,67801e+000	-1,25758e-001
444	 5,5375000000e+001	-8,43336e+000	 3,58968e-002
445	 5,5500000000e+001	-8,35471e+000	-1,49099e-002
446	 5,5625000000e+001	-8,29732e+000	-2,77812e-002
447	 5,5750000000e+001	-8,16947e+000	-2,01676e-002
448	 5,5875000000e+001	-8,02220e+000	-8,43845e-002
449	 5,6000000000e+001	-7,91941e+000	-7,45029e-002
450	 5,6125000000e+001	-7,79023e+000	-1,14274e-001
451	 5,6250000000e+001	-7,70547e+000	-1,25136e-001
452	 5,6375000000e+001	-7,54470e+000	-1,23744e-001
453	 5,6500000000e+001	-7,38094e+000	-1,25480e-001
454	 5,6625000000e+001	-7,30998e+000	-1,08433e-001
455	 5,6750000000e+001	-7,19245e+000	-1,23179e-001
456	 5,6875000000e+001	-7,02050e+000	-1,52892e-001
457	 5,7000000000e+001	-6,86203e+000	-2,00881e-001
458	 5,7125000000e+001	-6,76429e+000	-1,90613e-001
459	 5,7250000000e+001	-6,61990e+000	-1,69321e-001
460	 5,7375000000e+001	-6,51468e+000	-1,88397e-001
461	 5,7500000000e+001	-6,29538e+000	-2,34620e-001
462	 5,7625000000e+001	-6,17195e+000	-2,05819e-001
463	 5,7750000000e+001	-5,98392e+000	-1,98923e-001
464	 5,7875000000e+001	-5,86018e+000	-2,24074e-001
465	 5,8000000000e+001	-5,72941e+000	-2,39469e-001
466	 5,8125000000e+001	-5,49045e+000	-2,25068e-001
467	 5,8250000000e+001	-5,38211e+000	-2,62317e-001
468	 5,8375000000e+001	-5,25297e+000	-2,66228e-001
469	 5,8500000000e+001	-5,01659e+000	-2,96710e-001
470	 5,8625000000e+001	-4,89022e+000	-2,53092e-001
471	 5,8750000000e+001	-4,70742e+000	-2,59267e-001
472	 5,8875000000e+001	-4,52014e+000	-3,38193e-001
473	 5,9000000000e+001	-4,30886e+000	-3,47579e-001
474	 5,9125000000e+001	-4,23242e+000	-3,44742e-001
475	 5,9250000000e+001	-3,91372e+000	-4,08217e-001
476	 5,9375000000e+001	-3,76503e+000	-5,92158e-001
477	 5,9500000000e+001	-3,49785e+000	-4,61161e-001
478	 5,9625000000e+001	-3,39306e+000	-4,61788e-001
479	 5,9750000000e+001	-3,22286e+000	-4,69914e-001
480	 5,9875000000e+001	-2,94282e+000	-5,46064e-001
481	 6,0000000000e+001	-2,62068e+000	-6,39525e-001
482	 6,0125000000e+001	-2,47425e+000	-5,58115e-001
483	 6,0250000000e+001	-2,29454e+000	-5,14712e-001
484	 6,0375000000e+001	-2,12865e+000	-5,34768e-001
485	 6,0500000000e+001	-1,81200e+000	-6,88274e-001
486	 6,0625000000e+001	-1,55496e+000	-6,45958e-001
487	 6,0750000000e+001	-1,17293e+000	-6,86048e-001
488	 6,0875000000e+001	-9,96464e-001	-6,63917e-001
489	 6,1000000000e+001	-7,54350e-001	-7,12739e-001
490	 6,1125000000e+001	-6,16983e-001	-6,95660e-001
491	 6,1250000000e+001	-2,64494e-001	-7,14740e-001
492	 6,1375000000e+001	 2,31694e-002	-7,88026e-001
493	 6,1500000000e+001	 3,87348e-001	-8,51827e-001
494	 6,1625000000e+001	 5,97343e-001	-8,14918e-001
495	 6,1750000000e+001	 1,09818e+000	-9,37858e-001
496	 6,1875000000e+001	 1,29077e+000	-9,52285e-001
497	 6,2000000000e+001	 1,41389e+000	-9,65151e-001
498	 6,2125000000e+001	 2,09579e+000	-1,02902e+000
499	 6,2250000000e+001	 2,30494e+000	-1,00150e+000
500	 6,2375000000e+001	 2,70156e+000	-1,00358e+000
501	 6,2500000000e+001	 2,94128e+000	-1,05004e+000
502	 6,2625000000e+001	 3,17146e+000	-1,08528e+000
503	 6,2750000000e+001	 3,89591e+000	-1,36338e+000
504	 6,2875000000e+001	 4,16746e+000	-1,26500e+000
505	 6,3000000000e+001	 4,91840e+000	-1,29148e+000
506	 6,3125000000e+001	 5,18631e+000	-1,30989e+000
507	 6,3250000000e+001	 5,37838e+000	-1,43267e+000
508	 6,3375000000e+001	 5,83393e+000	-1,41305e+000
509	 6,3500000000e+001	 6,16348e+000	-1,61033e+000
510	 6,3625000000e+001	 7,04631e+000	-1,65522e+000
511	 6,3750000000e+001	 7,40039e+000	-1,62140e+000
512	 6,3875000000e+001	 7,91817e+000	-1,78750e+000
513	 6,4000000000e+001	 8,41285e+000	-1,80403e+000
514	 6,4125000000e+001	 8,92695e+000	-1,83582e+000
515	 6,4250000000e+001	 9,41685e+000	-2,07711e+000
516	 6,4375000000e+001	 1,02661e+001	-2,11856e+000
517	 6,4500000000e+001	 1,06961e+001	-2,11217e+000
518	 6,4625000000e+001	 1,14785e+001	-2,15251e+000
519	 6,4750000000e+001	 1,21630e+001	-2,36170e+000
520	 6,4875000000e+001	 1,27268e+001	-2,39853e+000
521	 6,5000000000e+001	 1,37133e+001	-2,75910e+000
522	 6,5125000000e+001	 1,40165e+001	-2,87476e+000
523	 6,5250000000e+001	 1,54872e+001	-3,09172e+000
524	 6,5375000000e+001	 1,57339e+001	-3,19773e+000
525	 6,5500000000e+001	 1,70574e+001	-3,49508e+000
526	 6,5625000000e+001	 1,75159e+001	-3,57264e+000
527	 6,5750000000e+001	 1,87616e+001	-3,91110e+000
528	 6,5875000000e+001	 1,98931e+001	-4,03941e+000
529	 6,6000000000e+001	 2,06535e+001	-4,06165e+000
530	 6,6125000000e+001	 2,14044e+001	-4,44838e+000
531	 6,6250000000e+001	 2,26526e+001	-4,79028e+000
532	 6,6375000000e+001	 2,45210e+001	-5,14787e+000
533	 6,6500000000e+001	 2,59372e+001	-5,77125e+000
534	 6,6625000000e+001	 2,61192e+001	-5,90455e+000
535	 6,6750000000e+001	 2,87976e+001	-6,76114e+000
536	 6,6875000000e+001	 2,93689e+001	-7,39469e+000
537	 6,7000000000e+001	 3,04396e+001	-7,62958e+000
538	 6,7125000000e+001	 3,17091e+001	-9,73173e+000
539	 6,7250000000e+001	 3,39272e+001	-1,00266e+001
540	 6,7375000000e+001	 3,52245e+001	-9,88761e+000
541	 6,7500000000e+001	 3,69973e+001	-1,11692e+001
542	 6,7625000000e+001	 3,86150e+001	-1,22144e+001
543	 6,7750000000e+001	 3,90047e+001	-1,16205e+001
544	 6,7875000000e+001	 4,06315e+001	-1,18842e+001
545	 6,8000000000e+001	 4,48416e+001	-1,13752e+001
546	 6,8125000000e+001	 4,63294e+001	-1,13699e+001
547	 6,8250000000e+001	 5,10085e+001	-1,23487e+001
548	 6,8375000000e+001	 5,41057e+001	-1,36197e+001
549	 6,8500000000e+001	 5,71942e+001	-1,55943e+001
550	 6,8625000000e+001	 6,34070e+001	-1,62213e+001
551	 6,8750000000e+001	 6,56917e+001	-1,73903e+001
552	 6,8875000000e+001	 7,48503e+001	-1,71085e+001
553	 6,9000000000e+001	 8,15202e+001	-1,99456e+001
554	 6,9125000000e+001	 8,47322e+001	-2,57574e+001
555	 6,9250000000e+001	 8,95137e+001	-3,22330e+001
556	 6,9375000000e+001	 1,03170e+002	-3,54197e+001
557	 6,9500000000e+001	 1,12279e+002	-4,22131e+001
558	 6,9625000000e+001	 1,19233e+002	-4,61298e+001
559	 6,9750000000e+001	 1,29456e+002	-5,84647e+001
560	 6,9875000000e+001	 1,38198e+002	-6,74055e+001
561	 7,0000000000e+001	 1,46336e+002	-8,43985e+001
562	 7,0125000000e+001	 1,70742e+002	-1,13019e+002
563	 7,0250000000e+001	 1,88542e+002	-1,31005e+002
564	 7,0375000000e+001	 2,21867e+002	-1,78570e+002
565	 7,0500000000e+001	 2,02814e+002	-2,27380e+002
566	 7,0625000000e+001	 1,53781e+002	-3,03661e+002
567	 7,0750000000e+001	 4,23680e+001	-3,25013e+002
568	 7,0875000000e+001	-1,44567e+001	-4,09462e+002
569	 7,1000000000e+001	-5,23941e+001	-3,99009e+002
570	 7,1125000000e+001	-1,79822e+002	-3,30861e+002
571	 7,1250000000e+001	-1,90395e+002	-2,93644e+002
572	 7,1375000000e+001	-2,36709e+002	-2,04171e+002
573	 7,1500000000e+001	-2,43319e+002	-1,77867e+002
574	 7,1625000000e+001	-2,33517e+002	-1,49226e+002
575	 7,1750000000e+001	-2,07502e+002	-1,02574e+002
576	 7,1875000000e+001	-1,97842e+002	-8,87413e+001
577	 7,2000000000e+001	-1,81344e+002	-7,25228e+001
578	 7,2125000000e+001	-1,67623e+002	-6,72773e+001
579	 7,2250000000e+001	-1,57038e+002	-5,16991e+001
580	 7,2375000000e+001	-1,53350e+002	-4,44902e+001
581	 7,2500000000e+001	-1,45246e+002	-3,71024e+001
582	 7,2625000000e+001	-1,39426e+002	-3,20118e+001
583	 7,2750000000e+001	-1,28700e+002	-2,80395e+001
584	 7,2875000000e+001	-1,25292e+002	-2,78054e+001
585	 7,3000000000e+001	-1,18848e+002	-2,41073e+001
586	 7,3125000000e+001	-1,09958e+002	-1,92076e+001
587	 7,3250000000e+001	-1,09024e+002	-1,81531e+001
588	 7,3375000000e+001	-1,04627e+002	-1,75097e+001
589	 7,3500000000e+001	-1,00576e+002	-1,57418e+001
590	 7,3625000000e+001	-9,91160e+001	-1,57047e+001
591	 7,3750000000e+001	-9,19400e+001	-1,16486e+001
592	 7,3875000000e+001	-9,00451e+001	-1,12671e+001
593	 7,4000000000e+001	-8,92769e+001	-1,07778e+001
594	 7,4125000000e+001	-8,63819e+001	-9,33007e+000
595	 7,4250000000e+001	-8,39195e+001	-8,22326e+000
596	 7,4375000000e+001	-8,20561e+001	-7,44859e+000
597	 7,4500000000e+001	-8,02104e+001	-7,34046e+000
598	 7,4625000000e+001	-7,74570e+001	-6,35996e+000
599	 7,4750000000e+001	-7,59073e+001	-6,39232e+000
600	 7,4875000000e+001	-7,36878e+001	-5,68625e+000
601	 7,5000000000e+001	-7,29467e+001	-5,57102e+000
602	 7,5125000000e+001	-7,23145e+001	-4,98991e+000
603	 7,5250000000e+001	-7,01584e+001	-4,73035e+000
604	 7,5375000000e+001	-6,81964e+001	-4,37038e+000
605	 7,5500000000e+001	-6,74137e+001	-3,87055e+000
606	 7,5625000000e+001	-6,59041e+001	-4,50943e+000
607	 7,5750000000e+001	-6,47614e+001	-3,79383e+000
608	 7,5875000000e+001	-6,38132e+001	-3,39350e+000
609	 7,6000000000e+001	-6,26267e+001	-4,22939e+000
610	 7,6125000000e+001	-6,16536e+001	-3,47827e+000
611	 7,6250000000e+001	-6,04951e+001	-3,14248e+000
612	 7,6375000000e+001	-6,04082e+001	-3,03261e+000
613	 7,6500000000e+001	-5,92950e+001	-3,25413e+000
614	 7,6625000000e+001	-5,84140e+001	-2,83717e+000
615	 7,6750000000e+001	-5,79571e+001	-2,92227e+000
616	 7,6875000000e+001	-5,67852e+001	-2,41410e+000
617	 7,7000000000e+001	-5,62036e+001	-2,28301e+000
618	 7,7125000000e+001	-5,58409e+001	-1,94571e+000
619	 7,7250000000e+001	-5,50717e+001	-1,77595e+000
620	 7,7375000000e+001	-5,42700e+001	-1,80858e+000
621	 7,7500000000e+001	-5,37810e+001	-1,99487e+000
622	 7,7625000000e+001	-5,26596e+001	-1,70430e+000
623	 7,7750000000e+001	-5,23406e+001	-1,71617e+000
624	 7,7875000000e+001	-5,14008e+001	-1,57014e+000
625	 7,8000000000e+001	-5,12351e+001	-1,49136e+000
626	 7,8125000000e+001	-5,09486e+001	-1,34930e+000
627	 7,8250000000e+001	-5,02107e+001	-1,31455e+000
628	 7,8375000000e+001	-4,99108e+001	-1,34540e+000
629	 7,8500000000e+001	-4,92275e+001	-1,17102e+000
630	 7,8625000000e+001	-4,85802e+001	-1,11361e+000
631	 7,8750000000e+001	-4,82896e+001	-1,05170e+000
632	 7,8875000000e+001	-4,80111e+001	-9,91025e-001
633	 7,9000000000e+001	-4,77037e+001	-9,19315e-001
634	 7,9125000000e+001	-4,74784e+001	-9,97797e-001
635	 7,9250000000e+001	-4,67583e+001	-8,63437e-001
636	 7,9375000000e+001	-4,62831e+001	-7,49296e-001
637	 7,9500000000e+001	-4,60761e+001	-6,25756e-001
638	 7,9625000000e+001	-4,57649e+001	-5,46810e-001
639	 7,9750000000e+001	-4,53385e+001	-5,87936e-001
640	 7,9875000000e+001	-4,51431e+001	-6,72949e-001
641	 8,0000000000e+001	-4,46750e+001	-4,44388e-001
642	 8,0125000000e+001	-4,42953e+001	-4,20521e-001
643	 8,0250000000e+001	-4,42244e+001	-4,18675e-001
644	 8,0375000000e+001	-4,37269e+001	-5,66200e-001
645	 8,0500000000e+001	-4,33574e+001	-4,94396e-001
646	 8,0625000000e+001	-4,31793e+001	-5,26435e-001
647	 8,0750000000e+001	-4,29959e+001	-5,23537e-001
648	 8,0875000000e+001	-4,26828e+001	-2,89588e-001
649	 8,1000000000e+001	-4,23131e+001	-2,00623e-001
650	 8,1125000000e+001	-4,22298e+001	-1,80143e-001
651	 8,1250000000e+001	-4,17180e+001	-3,72948e-001
652	 8,1375000000e+001	-4,13964e+001	-2,67287e-001
653	 8,1500000000e+001	-4,13176e+001	-2,11360e-001
654	 8,1625000000e+001	-4,09733e+001	-1,85303e-001
655	 8,1750000000e+001	-4,07242e+001	-1,40391e-001
656	 8,1875000000e+001	-4,04630e+001	-2,36097e-001
657	 8,2000000000e+001	-4,03394e+001	-2,59289e-001
658	 8,2125000000e+001	-4,01617e+001	-1,21092e-001
659	 8,2250000000e+001	-3,99300e+001	-8,64049e-002
660	 8,2375000000e+001	-3,96527e+001	-1,25893e-001
661	 8,2500000000e+001	-3,94282e+001	-1,26804e-001
662	 8,2625000000e+001	-3,93496e+001	-7,34169e-002
663	 8,2750000000e+001	-3,91269e+001	 8,28423e-002
664	 8,2875000000e+001	-3,88490e+001	-3,63501e-002
665	 8,3000000000e+001	-3,87571e+001	-2,12407e-003
666	 8,3125000000e+001	-3,85356e+001	 4,87592e-002
667	 8,3250000000e+001	-3,84002e+001	-1,79548e-002
668	 8,3375000000e+001	-3,82940e+001	-4,28573e-002
669	 8,3500000000e+001	-3,80755e+001	 8,33343e-003
670	 8,3625000000e+001	-3,78206e+001	-1,28337e-002
671	 8,3750000000e+001	-3,76840e+001	 4,89347e-002
672	 8,3875000000e+001	-3,76050e+001	 6,74575e-002
673	 8,4000000000e+001	-3,73649e+001	 6,49531e-002
674	 8,4125000000e+001	-3,71946e+001	 3,34075e-002
675	 8,4250000000e+001	-3,70798e+001	 9,04901e-002
676	 8,4375000000e+001	-3,69438e+001	 6,73031e-002
677	 8,4500000000e+001	-3,68415e+001	 1,54533e-002
678	 8,4625000000e+001	-3,66579e+001	 4,29868e-002
679	 8,4750000000e+001	-3,64725e+001	 9,18089e-002
680	 8,4875000000e+001	-3,63443e+001	 6,29176e-002
681	 8,5000000000e+001	-3,62261e+001	 1,19041e-001
682	 8,5125000000e+001	-3,61373e+001	 8,71689e-002
683	 8,5250000000e+001	-3,58706e+001	 8,87147e-002
684	 8,5375000000e+001	-3,57275e+001	 1,16447e-001
685	 8,5500000000e+001	-3,56826e+001	 1,48109e-001
686	 8,5625000000e+001	-3,56178e+001	 1,33733e-001
687	 8,5750000000e+001	-3,54773e+001	 1,50389e-001
688	 8,5875000000e+001	-3,52917e+001	 1,72972e-001
689	 8,6000000000e+001	-3,52427e+001	 1,81701e-001
690	 8,6125000000e+001	-3,50197e+001	 2,09247e-001
691	 8,6250000000e+001	-3,48743e+001	 1,74926e-001
692	 8,6375000000e+001	-3,48573e+001	 1,39089e-001
693	 8,6500000000e+001	-3,47059e+001	 1,49971e-001
694	 8,6625000000e+001	-3,46527e+001	 1,32169e-001
695	 8,6750000000e+001	-3,45486e+001	 1,96401e-001
696	 8,6875000000e+001	-3,43604e+001	 1,91966e-001
697	 8,7000000000e+001	-3,42647e+001	 1,70071e-001
698	 8,7125000000e+001	-3,41593e+001	 1,85413e-001
699	 8,7250000000e+001	-3,40724e+001	 2,38340e-001
700	 8,7375000000e+001	-3,39781e+001	 2,44254e-001
701	 8,7500000000e+001	-3,39716e+001	 2,18007e-001
702	 8,7625000000e+001	-3,39264e+001	 1,82967e-001
703	 8,7750000000e+001	-3,36147e+001	 1,87207e-001
704	 8,7875000000e+001	-3,35960e+001	 2,24949e-001
705	 8,8000000000e+001	-3,34597e+001	 1,60392e-001
706	 8,8125000000e+001	-3,33796e+001	 1,87101e-001
707	 8,8250000000e+001	-3,33326e+001	 2,53185e-001
708	 8,8375000000e+001	-3,31897e+001	 3,22579e-001
709	 8,8500000000e+001	-3,31650e+001	 1,99150e-001
710	 8,8625000000e+001	-3,30173e+001	 2,70714e-001
711	 8,8750000000e+001	-3,29303e+001	 2,60350e-001
712	 8,8875000000e+001	-3,28664e+001	 2,40695e-001
713	 8,9000000000e+001	-3,28030e+001	 2,34365e-001
714	 8,9125000000e+001	-3,27363e+001	 2,49366e-001
715	 8,9250000000e+001	-3,26300e+001	 2,59012e-001
716	 8,9375000000e+001	-3,25351e+001	 2,82521e-001
717	 8,9500000000e+001	-3,24265e+001	 2,73510e-001
718	 8,9625000000e+001	-3,23550e+001	 2,76991e-001
719	 8,9750000000e+001	-3,23488e+001	 2,74263e-001
720	 8,9875000000e+001	-3,21379e+001	 2,71792e-001
721	 9,0000000000e+001	-3,20979e+001	 2,71479e-001
722	 9,0125000000e+001	-3,20452e+001	 2,91713e-001
723	 9,0250000000e+001	-3,19946e+001	 3,12521e-001
724	 9,0375000000e+001	-3,18923e+001	 2,97734e-001
725	 9,0500000000e+001	-3,18307e+001	 2,94530e-001
726	 9,0625000000e+001	-3,17621e+001	 2,85339e-001
727	 9,0750000000e+001	-3,16881e+001	 2,82388e-001
728	 9,0875000000e+001	-3,16232e+001	 2,97282e-001
729	 9,1000000000e+001	-3,15356e+001	 3,22010e-001
730	 9,1125000000e+001	-3,14564e+001	 3,04260e-001
731	 9,1250000000e+001	-3,13841e+001	 2,91543e-001
732	 9,1375000000e+001	-3,14069e+001	 3,30560e-001
733	 9,1500000000e+001	-3,12811e+001	 3,21194e-001
734	 9,1625000000e+001	-3,11552e+001	 3,25696e-001
735	 9,1750000000e+001	-3,10929e+001	 3,18411e-001
736	 9,1875000000e+001	-3,11038e+001	 2,76415e-001
737	 9,2000000000e+001	-3,11132e+001	 3,66640e-001
738	 9,2125000000e+001	-3,09867e+001	 3,70529e-001
739	 9,2250000000e+001	-3,09083e+001	 3,64764e-001
740	 9,2375000000e+001	-3,08410e+001	 3,42123e-001
741	 9,2500000000e+001	-3,08190e+001	 3,35070e-001
742	 9,2625000000e+001	-3,07510e+001	 3,38599e-001
743	 9,2750000000e+001	-3,06391e+001	 3,56291e-001
744	 9,2875000000e+001	-3,05916e+001	 3,67975e-001
745	 9,3000000000e+001	-3,05220e+001	 3,74947e-001
746	 9,3125000000e+001	-3,04863e+001	 3,53958e-001
747	 9,3250000000e+001	-3,03956e+001	 3,20677e-001
748	 9,3375000000e+001	-3,03283e+001	 3,52707e-001
749	 9,3500000000e+001	-3,03317e+001	 3,77385e-001
750	 9,3625000000e+001	-3,02679e+001	 3,74367e-001
751	 9,3750000000e+001	-3,02162e+001	 3,55632e-001
752	 9,3875000000e+001	-3,01159e+001	 3,74079e-001
753	 9,4000000000e+001	-3,00595e+001	 3,73008e-001
754	 9,4125000000e+001	-3,00680e+001	 3,51911e-001
755	 9,4250000000e+001	-3,00463e+001	 3,53425e-001
756	 9,4375000000e+001	-2,99259e+001	 4,64218e-001
757	 9,4500000000e+001	-2,98745e+001	 3,94137e-001
758	 9,4625000000e+001	-2,98674e+001	 4,30159e-001
759	 9,4750000000e+001	-2,97886e+001	 3,89497e-001
760	 9,4875000000e+001	-2,97219e+001	 3,93293e-001
761	 9,5000000000e+001	-2,97067e+001	 4,03831e-001
762	 9,5125000000e+001	-2,96330e+001	 4,45317e-001
763	 9,5250000000e+001	-2,95797e+001	 4,24419e-001
764	 9,5375000000e+001	-2,95306e+001	 3,94916e-001
765	 9,5500000000e+001	-2,94931e+001	 4,04829e-001
766	 9,5625000000e+001	-2,94022e+001	 3,92844e-001
767	 9,5750000000e+001	-2,93473e+001	 4,17160e-001
768	 9,5875000000e+001	-2,93303e+001	 4,31818e-001
769	 9,6000000000e+001	-2,92562e+001	 4,39896e-001
770	 9,6125000000e+001	-2,92102e+001	 4,47349e-001
771	 9,6250000000e+001	-2,91806e+001	 4,32261e-001
772	 9,6375000000e+001	-2,91206e+001	 4,51843e-001
773	 9,6500000000e+001	-2,90577e+001	 4,50818e-001
774	 9,6625000000e+001	-2,90104e+001	 4,45332e-001
775	 9,6750000000e+001	-2,89341e+001	 4,83754e-001
776	 9,6875000000e+001	-2,89396e+001	 4,98475e-001
777	 9,7000000000e+001	-2,88903e+001	 4,78033e-001
778	 9,7125000000e+001	-2,88052e+001	 4,60336e-001
779	 9,7250000000e+001	-2,87944e+001	 4,52834e-001
780	 9,7375000000e+001	-2,87628e+001	 4,18287e-001
781	 9,7500000000e+001	-2,87403e+001	 4,31667e-001
782	 9,7625000000e+001	-2,86644e+001	 4,84304e-001
783	 9,7750000000e+001	-2,85940e+001	 4,52601e-001
784	 9,7875000000e+001	-2,85335e+001	 4,42819e-001
785	 9,8000000000e+001	-2,85100e+001	 4,56625e-001
786	 9,8125000000e+001	-2,85015e+001	 4,60320e-001
787	 9,8250000000e+001	-2,84523e+001	 4,03936e-001
788	 9,8375000000e+001	-2,83847e+001	 4,70517e-001
789	 9,8500000000e+001	-2,82843e+001	 4,89368e-001
790	 9,8625000000e+001	-2,82860e+001	 4,80482e-001
791	 9,8750000000e+001	-2,82208e+001	 4,76217e-001
792	 9,8875000000e+001	-2,82199e+001	 4,74802e-001
793	 9,9000000000e+001	-2,81156e+001	 4,24010e-001
794	 9,9125000000e+001	-2,81057e+001	 4,42065e-001
795	 9,9250000000e+001	-2,80588e+001	 4,55665e-001
796	 9,9375000000e+001	-2,80302e+001	 4,70994e-001
797	 9,9500000000e+001	-2,79386e+001	 5,10804e-001
798	 9,9625000000e+001	-2,78716e+001	 4,76494e-001
799	 9,9750000000e+001	-2,78828e+001	 4,70616e-001
800	 9,9875000000e+001	-2,78349e+001	 4,57386e-001
801	 1,0000000000e+002	-2,77632e+001	 4,57287e-001
802	 1,0012500000e+002	-2,77129e+001	 4,76035e-001
803	 1,0025000000e+002	-2,76618e+001	 5,03598e-001
804	 1,0037500000e+002	-2,76097e+001	 4,73830e-001
805	 1,0050000000e+002	-2,75789e+001	 4,72312e-001
806	 1,0062500000e+002	-2,75385e+001	 4,51159e-001
807	 1,0075000000e+002	-2,74858e+001	 4,77330e-001
808	 1,0087500000e+002	-2,74516e+001	 4,71352e-001
809	 1,0100000000e+002	-2,74122e+001	 4,83055e-001
810	 1,0112500000e+002	-2,73639e+001	 4,58467e-001
811	 1,0125000000e+002	-2,73164e+001	 4,32728e-001
812	 1,0137500000e+002	-2,72415e+001	 4,01002e-001
813	 1,0150000000e+002	-2,72235e+001	 3,92269e-001
814	 1,0162500000e+002	-2,71966e+001	 4,18738e-001
815	 1,0175000000e+002	-2,71282e+001	 4,16770e-001
816	 1,0187500000e+002	-2,70662e+001	 4,51768e-001
817	 1,0200000000e+002	-2,70326e+001	 4,55232e-001
818	 1,0212500000e+002	-2,69842e+001	 4,27470e-001
819	 1,0225000000e+002	-2,69575e+001	 4,08746e-001
820	 1,0237500000e+002	-2,68769e+001	 3,98719e-001
821	 1,0250000000e+002	-2,68458e+001	 3,64043e-001
822	 1,0262500000e+002	-2,67844e+001	 3,35231e-001
823	 1,0275000000e+002	-2,67189e+001	 3,41346e-001
824	 1,0287500000e+002	-2,66504e+001	 2,81526e-001
825	 1,0300000000e+002	-2,65948e+001	 2,86860e-001
826	 1,0312500000e+002	-2,65414e+001	 2,77141e-001
827	 1,0325000000e+002	-2,65084e+001	 2,62569e-001
828	 1,0337500000e+002	-2,64405e+001	 2,50472e-001
829	 1,0350000000e+002	-2,63944e+001	 1,47461e-001
830	 1,0362500000e+002	-2,63775e+001	 1,12073e-001
831	 1,0375000000e+002	-2,62761e+001	 9,00483e-002
832	 1,0387500000e+002	-2,62722e+001	 6,42394e-002
833	 1,0400000000e+002	-2,62179e+001	 4,28543e-002
834	 1,0412500000e+002	-2,62027e+001	 1,94980e-002
835	 1,0425000000e+002	-2,61095e+001	-5,95820e-002
836	 1,0437500000e+002	-2,60637e+001	-7,04193e-002
837	 1,0450000000e+002	-2,60544e+001	-1,83145e-001
838	 1,0462500000e+002	-2,60356e+001	-2,10618e-001
839	 1,0475000000e+002	-2,59993e+001	-2,19516e-001
840	 1,0487500000e+002	-2,59129e+001	-3,34854e-001
841	 1,0500000000e+002	-2,59088e+001	-4,02608e-001
842	 1,0512500000e+002	-2,58747e+001	-4,83434e-001
843	 1,0525000000e+002	-2,59306e+001	-5,68913e-001
844	 1,0537500000e+002	-2,59758e+001	-6,29417e-001
845	 1,0550000000e+002	-2,59777e+001	-6,15526e-001
846	 1,0562500000e+002	-2,59599e+001	-7,02095e-001
847	 1,0575000000e+002	-2,60920e+001	-7,68607e-001
848	 1,0587500000e+002	-2,61114e+001	-8,50999e-001
849	 1,0600000000e+002	-2,61420e+001	-8,77867e-001
850	 1,0612500000e+002	-2,61817e+001	-9,08219e-001
851	 1,0625000000e+002	-2,63408e+001	-8,93947e-001
852	 1,0637500000e+002	-2,63437e+001	-9,22945e-001
853	 1,0650000000e+002	-2,63605e+001	-9,31815e-001
854	 1,0662500000e+002	-2,63961e+001	-8,93933e-001
855	 1,0675000000e+002	-2,64495e+001	-8,61703e-001
856	 1,0687500000e+002	-2,65288e+001	-8,25505e-001
857	 1,0700000000e+002	-2,65442e+001	-8,05178e-001
858	 1,0712500000e+002	-2,64777e+001	-7,47767e-001
859	 1,0725000000e+002	-2,65255e+001	-6,76752e-001
860	 1,0737500000e+002	-2,65505e+001	-7,12760e-001
861	 1,0750000000e+002	-2,65682e+001	-7,18523e-001
862	 1,0762500000e+002	-2,65576e+001	-6,56011e-001
863	 1,0775000000e+002	-2,65758e+001	-6,04144e-001
864	 1,0787500000e+002	-2,65894e+001	-6,66871e-001
865	 1,0800000000e+002	-2,66205e+001	-6,13503e-001
866	 1,0812500000e+002	-2,66509e+001	-5,23478e-001
867	 1,0825000000e+002	-2,65896e+001	-5,00169e-001
868	 1,0837500000e+002	-2,65221e+001	-5,01594e-001
869	 1,0850000000e+002	-2,65004e+001	-4,30592e-001
870	 1,0862500000e+002	-2,65165e+001	-3,58289e-001
871	 1,0875000000e+002	-2,65137e+001	-3,61259e-001
872	 1,0887500000e+002	-2,65008e+001	-3,85672e-001
873	 1,0900000000e+002	-2,64961e+001	-3,72713e-001
874	 1,0912500000e+002	-2,64719e+001	-4,25852e-001
875	 1,0925000000e+002	-2,64202e+001	-4,36136e-001
876	 1,0937500000e+002	-2,64150e+001	-2,88669e-001
877	 1,0950000000e+002	-2,63987e+001	-2,76842e-001
878	 1,0962500000e+002	-2,63720e+001	-2,91943e-001
879	 1,0975000000e+002	-2,63309e+001	-2,81941e-001
880	 1,0987500000e+002	-2,63316e+001	-2,63248e-001
881	 1,1000000000e+002	-2,62880e+001	-1,73889e-001
882	 1,1012500000e+002	-2,62871e+001	-1,86510e-001
883	 1,1025000000e+002	-2,62754e+001	-1,80000e-001
884	 1,1037500000e+002	-2,62656e+001	-1,70334e-001
885	 1,1050000000e+002	-2,62376e+001	-1,30524e-001
886	 1,1062500000e+002	-2,62166e+001	-1,29126e-001
887	 1,1075000000e+002	-2,61987e+001	-1,31726e-001
888	 1,1087500000e+002	-2,61528e+001	-1,13937e-001
889	 1,1100000000e+002	-2,61476e+001	-1,05652e-001
890	 1,1112500000e+002	-2,61371e+001	-5,80335e-002
891	 1,1125000000e+002	-2,61430e+001	-7,71271e-002
892	 1,1137500000e+002	-2,61205e+001	-7,17416e-002
893	 1,1150000000e+002	-2,61120e+001	-5,41787e-002
894	 1,1162500000e+002	-2,59888e+001	-4,63052e-002
895	 1,1175000000e+002	-2,59888e+001	-5,71503e-002
896	 1,1187500000e+002	-2,60018e+001	-4,76812e-002
897	 1,1200000000e+002	-2,59724e+001	-2,17606e-002
898	 1,1212500000e+002	-2,59204e+001	-1,08603e-003
899	 1,1225000000e+002	-2,59142e+001	-7,42398e-003
900	 1,1237500000e+002	-2,58957e+001	-6,51777e-003
901	 1,1250000000e+002	-2,58674e+001	-9,60490e-003
902	 1,1262500000e+002	-2,58492e+001	-2,39898e-002
903	 1,1275000000e+002	-2,58340e+001	-1,00501e-002
904	 1,1287500000e+002	-2,57664e+001	 4,30214e-002
905	 1,1300000000e+002	-2,57458e+001	 6,54646e-003
906	 1,1312500000e+002	-2,57451e+001	-4,52150e-002
907	 1,1325000000e+002	-2,57890e+001	 7,45752e-002
908	 1,1337500000e+002	-2,57217e+001	 4,76202e-002
909	 1,1350000000e+002	-2,57053e+001	 3,23272e-002
910	 1,1362500000e+002	-2,56832e+001	 4,23109e-002
911	 1,1375000000e+002	-2,56716e+001	 3,66778e-002
912	 1,1387500000e+002	-2,56507e+001	 4,47038e-002
913	 1,1400000000e+002	-2,56091e+001	 3,87378e-002
914	 1,1412500000e+002	-2,55544e+001	 2,82421e-002
915	 1,1425000000e+002	-2,55461e+001	 3,68372e-002
916	 1,1437500000e+002	-2,55482e+001	 5,30081e-002
917	 1,1450000000e+002	-2,55093e+001	 8,40505e-002
918	 1,1462500000e+002	-2,54958e+001	 2,24422e-002
919	 1,1475000000e+002	-2,54849e+001	 7,06780e-002
920	 1,1487500000e+002	-2,54786e+001	 7,80885e-002
921	 1,1500000000e+002	-2,54378e+001	 6,45479e-002
922	 1,1512500000e+002	-2,54238e+001	 8,90190e-002
923	 1,1525000000e+002	-2,53839e+001	 8,16625e-002
924	 1,1537500000e+002	-2,53653e+001	 9,52139e-002
925	 1,1550000000e+002	-2,53413e+001	 8,59043e-002
926	 1,1562500000e+002	-2,53445e+001	 9,63868e-002
927	 1,1575000000e+002	-2,53367e+001	 9,39424e-002
928	 1,1587500000e+002	-2,52833e+001	 7,85186e-002
929	 1,1600000000e+002	-2,52901e+001	 7,97130e-002
930	 1,1612500000e+002	-2,53050e+001	 7,30291e-002
931	 1,1625000000e+002	-2,52439e+001	 1,00941e-001
932	 1,1637500000e+002	-2,52495e+001	 1,11429e-001
933	 1,1650000000e+002	-2,51902e+001	 7,18184e-002
934	 1,1662500000e+002	-2,51303e+001	 9,71890e-002
935	 1,1675000000e+002	-2,51325e+001	 1,32178e-001
936	 1,1687500000e+002	-2,51368e+001	 1,33553e-001
937	 1,1700000000e+002	-2,51348e+001	 9,59278e-002
938	 1,1712500000e+002	-2,51292e+001	 1,17500e-001
939	 1,1725000000e+002	-2,51070e+001	 1,48981e-001
940	 1,1737500000e+002	-2,51104e+001	 1,57435e-001
941	 1,1750000000e+002	-2,50530e+001	 1,46930e-001
942	 1,1762500000e+002	-2,50326e+001	 1,40330e-001
943	 1,1775000000e+002	-2,50149e+001	 1,31283e-001
944	 1,1787500000e+002	-2,49975e+001	 1,09864e-001
945	 1,1800000000e+002	-2,49859e+001	 1,01564e-001
946	 1,1812500000e+002	-2,49716e+001	 1,25265e-001
947	 1,1825000000e+002	-2,49756e+001	 9,72865e-002
948	 1,1837500000e+002	-2,49182e+001	 1,01612e-001
949	 1,1850000000e+002	-2,48892e+001	 1,01914e-001
950	 1,1862500000e+002	-2,48823e+001	 1,15748e-001
951	 1,1875000000e+002	-2,48892e+001	 1,32062e-001
952	 1,1887500000e+002	-2,48689e+001	 1,18073e-001
953	 1,1900000000e+002	-2,48693e+001	 1,20754e-001
954	 1,1912500000e+002	-2,48488e+001	 1,13631e-001
955	 1,1925000000e+002	-2,48004e+001	 1,34591e-001
956	 1,1937500000e+002	-2,47658e+001	 1,66097e-001
957	 1,1950000000e+002	-2,47573e+001	 1,59292e-001
958	 1,1962500000e+002	-2,47627e+001	 1,44633e-001
959	 1,1975000000e+002	-2,47164e+001	 1,45645e-001
960	 1,1987500000e+002	-2,47179e+001	 1,52309e-001
961	 1,2000000000e+002	-2,47088e+001	 1,53332e-001
962	 1,2012500000e+002	-2,46890e+001	 1,60755e-001
963	 1,2025000000e+002	-2,46643e+001	 1,52522e-001
964	 1,2037500000e+002	-2,46611e+001	 1,31961e-001
965	 1,2050000000e+002	-2,46350e+001	 1,60834e-001
966	 1,2062500000e+002	-2,46130e+001	 1,72914e-001
967	 1,2075000000e+002	-2,45643e+001	 1,30528e-001
968	 1,2087500000e+002	-2,45706e+001	 1,51078e-001
969	 1,2100000000e+002	-2,45572e+001	 1,24433e-001
970	 1,2112500000e+002	-2,45201e+001	 1,45820e-001
971	 1,2125000000e+002	-2,45453e+001	 1,72417e-001
972	 1,2137500000e+002	-2,44890e+001	 1,58845e-001
973	 1,2150000000e+002	-2,44891e+001	 1,43365e-001
974	 1,2162500000e+002	-2,44563e+001	 1,35517e-001
975	 1,2175000000e+002	-2,44129e+001	 1,41951e-001
976	 1,2187500000e+002	-2,44485e+001	 1,54893e-001
977	 1,2200000000e+002	-2,44514e+001	 1,56306e-001
978	 1,2212500000e+002	-2,44102e+001	 1,58630e-001
979	 1,2225000000e+002	-2,43931e+001	 1,06135e-001
980	 1,2237500000e+002	-2,43519e+001	 1,34801e-001
981	 1,2250000000e+002	-2,43445e+001	 1,55947e-001
982	 1,2262500000e+002	-2,43418e+001	 1,75841e-001
983	 1,2275000000e+002	-2,43189e+001	 1,92204e-001
984	 1,2287500000e+002	-2,42566e+001	 1,90933e-001
985	 1,2300000000e+002	-2,42846e+001	 1,91177e-001
986	 1,2312500000e+002	-2,42550e+001	 2,05952e-001
987	 1,2325000000e+002	-2,42133e+001	 2,01885e-001
988	 1,2337500000e+002	-2,42195e+001	 1,51966e-001
989	 1,2350000000e+002	-2,41991e+001	 1,56250e-001
990	 1,2362500000e+002	-2,41895e+001	 1,56780e-001
991	 1,2375000000e+002	-2,41870e+001	 1,68973e-001
992	 1,2387500000e+002	-2,41703e+001	 1,76768e-001
993	 1,2400000000e+002	-2,41409e+001	 1,84305e-001
994	 1,2412500000e+002	-2,41340e+001	 1,81874e-001
995	 1,2425000000e+002	-2,41413e+001	 1,77269e-001
996	 1,2437500000e+002	-2,41325e+001	 1,86885e-001
997	 1,2450000000e+002	-2,41016e+001	 1,96037e-001
998	 1,2462500000e+002	-2,40839e+001	 1,83745e-001
999	 1,2475000000e+002	-2,40651e+001	 1,82390e-001
1000	 1,2487500000e+002	-2,40471e+001	 1,76579e-001
1001	 1,2500000000e+002	-2,40360e+001	 1,74986e-001
1002	 1,2512500000e+002	-2,40176e+001	 1,82238e-001
1003	 1,2525000000e+002	-2,39967e+001	 1,64445e-001
1004	 1,2537500000e+002	-2,39858e+001	 1,66883e-001
1005	 1,2550000000e+002	-2,39609e+001	 1,62312e-001
1006	 1,2562500000e+002	-2,39614e+001	 1,48694e-001
1007	 1,2575000000e+002	-2,39270e+001	 1,68901e-001
1008	 1,2587500000e+002	-2,39191e+001	 1,55951e-001
1009	 1,2600000000e+002	-2,38914e+001	 1,88361e-001
1010	 1,2612500000e+002	-2,38882e+001	 1,91910e-001
1011	 1,2625000000e+002	-2,38700e+001	 1,92371e-001
1012	 1,2637500000e+002	-2,38372e+001	 1,83756e-001
1013	 1,2650000000e+002	-2,38096e+001	 1,99370e-001
1014	 1,2662500000e+002	-2,37919e+001	 1,91971e-001
1015	 1,2675000000e+002	-2,37828e+001	 1,97001e-001
1016	 1,2687500000e+002	-2,38006e+001	 1,63846e-001
1017	 1,2700000000e+002	-2,37980e+001	 1,72651e-001
1018	 1,2712500000e+002	-2,37672e+001	 1,81794e-001
1019	 1,2725000000e+002	-2,37416e+001	 1,85910e-001
1020	 1,2737500000e+002	-2,37160e+001	 1,98820e-001
1021	 1,2750000000e+002	-2,37093e+001	 2,07183e-001
1022	 1,2762500000e+002	-2,36884e+001	 2,24487e-001
1023	 1,2775000000e+002	-2,36661e+001	 1,79183e-001
1024	 1,2787500000e+002	-2,36706e+001	 1,97556e-001
1025	 1,2800000000e+002	-2,36304e+001	 2,00405e-001
1026	 1,2812500000e+002	-2,35867e+001	 1,89056e-001
1027	 1,2825000000e+002	-2,35985e+001	 2,00241e-001
1028	 1,2837500000e+002	-2,36134e+001	 2,05281e-001
1029	 1,2850000000e+002	-2,36147e+001	 2,02933e-001
1030	 1,2862500000e+002	-2,35654e+001	 1,85745e-001
1031	 1,2875000000e+002	-2,35066e+001	 1,29122e-001
1032	 1,2887500000e+002	-2,35059e+001	 1,93471e-001
1033	 1,2900000000e+002	-2,34941e+001	 2,29291e-001
1034	 1,2912500000e+002	-2,34531e+001	 2,08147e-001
1035	 1,2925000000e+002	-2,34619e+001	 1,90881e-001
1036	 1,2937500000e+002	-2,34641e+001	 1,77828e-001
1037	 1,2950000000e+002	-2,34351e+001	 2,05017e-001
1038	 1,2962500000e+002	-2,34307e+001	 2,07319e-001
1039	 1,2975000000e+002	-2,34061e+001	 2,17682e-001
1040	 1,2987500000e+002	-2,33829e+001	 1,91824e-001
1041	 1,3000000000e+002	-2,33567e+001	 2,13553e-001
1042	 1,3012500000e+002	-2,33422e+001	 2,06984e-001
1043	 1,3025000000e+002	-2,33492e+001	 2,10329e-001
1044	 1,3037500000e+002	-2,33288e+001	 2,08190e-001
1045	 1,3050000000e+002	-2,32985e+001	 2,12981e-001
1046	 1,3062500000e+002	-2,32769e+001	 2,18990e-001
1047	 1,3075000000e+002	-2,32546e+001	 2,73453e-001
1048	 1,3087500000e+002	-2,32527e+001	 2,47800e-001
1049	 1,3100000000e+002	-2,32388e+001	 2,47901e-001
1050	 1,3112500000e+002	-2,32287e+001	 2,34149e-001
1051	 1,3125000000e+002	-2,32293e+001	 2,23931e-001
1052	 1,3137500000e+002	-2,32271e+001	 2,41888e-001
1053	 1,3150000000e+002	-2,31853e+001	 2,56255e-001
1054	 1,3162500000e+002	-2,31625e+001	 2,23269e-001
1055	 1,3175000000e+002	-2,31424e+001	 2,34509e-001
1056	 1,3187500000e+002	-2,31334e+001	 2,39026e-001
1057	 1,3200000000e+002	-2,31113e+001	 2,35315e-001
1058	 1,3212500000e+002	-2,31022e+001	 2,40233e-001
1059	 1,3225000000e+002	-2,30654e+001	 2,36829e-001
1060	 1,3237500000e+002	-2,30411e+001	 2,39214e-001
1061	 1,3250000000e+002	-2,30297e+001	 2,25509e-001
1062	 1,3262500000e+002	-2,30268e+001	 2,25567e-001
1063	 1,3275000000e+002	-2,30296e+001	 2,29582e-001
1064	 1,3287500000e+002	-2,30242e+001	 2,19893e-001
1065	 1,3300000000e+002	-2,30002e+001	 2,17357e-001
1066	 1,3312500000e+002	-2,29512e+001	 2,33756e-001
1067	 1,3325000000e+002	-2,29388e+001	 2,36188e-001
1068	 1,3337500000e+002	-2,29123e+001	 2,36088e-001
1069	 1,3350000000e+002	-2,29081e+001	 2,26382e-001
1070	 1,3362500000e+002	-2,28992e+001	 2,42145e-001
1071	 1,3375000000e+002	-2,28711e+001	 2,41104e-001
1072	 1,3387500000e+002	-2,28436e+001	 2,38181e-001
1073	 1,3400000000e+002	-2,28218e+001	 2,36153e-001
1074	 1,3412500000e+002	-2,28165e+001	 2,39427e-001
1075	 1,3425000000e+002	-2,28145e+001	 2,38472e-001
1076	 1,3437500000e+002	-2,27979e+001	 2,30649e-001
1077	 1,3450000000e+002	-2,27725e+001	 2,27436e-001
1078	 1,3462500000e+002	-2,27662e+001	 2,27445e-001
1079	 1,3475000000e+002	-2,27486e+001	 2,54251e-001
1080	 1,3487500000e+002	-2,26962e+001	 2,48020e-001
1081	 1,3500000000e+002	-2,26893e+001	 2,35560e-001
1082	 1,3512500000e+002	-2,26788e+001	 2,29598e-001
1083	 1,3525000000e+002	-2,26727e+001	 2,27003e-001
1084	 1,3537500000e+002	-2,26431e+001	 2,34900e-001
1085	 1,3550000000e+002	-2,26371e+001	 2,38838e-001
1086	 1,3562500000e+002	-2,26065e+001	 2,39555e-001
1087	 1,3575000000e+002	-2,25886e+001	 2,45737e-001
1088	 1,3587500000e+002	-2,25871e+001	 2,34575e-001
1089	 1,3600000000e+002	-2,25660e+001	 2,31824e-001
1090	 1,3612500000e+002	-2,25216e+001	 2,36928e-001
1091	 1,3625000000e+002	-2,25124e+001	 2,49474e-001
1092	 1,3637500000e+002	-2,25010e+001	 2,52000e-001
1093	 1,3650000000e+002	-2,24907e+001	 2,31691e-001
1094	 1,3662500000e+002	-2,24782e+001	 2,16466e-001
1095	 1,3675000000e+002	-2,24627e+001	 2,13396e-001
1096	 1,3687500000e+002	-2,24437e+001	 2,27278e-001
1097	 1,3700000000e+002	-2,24224e+001	 2,23432e-001
1098	 1,3712500000e+002	-2,24042e+001	 2,21549e-001
1099	 1,3725000000e+002	-2,24021e+001	 2,26088e-001
1100	 1,3737500000e+002	-2,23806e+001	 2,15820e-001
1101	 1,3750000000e+002	-2,23575e+001	 2,32890e-001
1102	 1,3762500000e+002	-2,23300e+001	 2,39786e-001
1103	 1,3775000000e+002	-2,23106e+001	 2,40996e-001
1104	 1,3787500000e+002	-2,22886e+001	 2,39162e-001
1105	 1,3800000000e+002	-2,22813e+001	 2,38826e-001
1106	 1,3812500000e+002	-2,22790e+001	 2,37643e-001
1107	 1,3825000000e+002	-2,22127e+001	 2,18837e-001
1108	 1,3837500000e+002	-2,22217e+001	 2,18026e-001
1109	 1,3850000000e+002	-2,22103e+001	 2,21293e-001
1110	 1,3862500000e+002	-2,21983e+001	 2,24197e-001
1111	 1,3875000000e+002	-2,21659e+001	 2,29977e-001
1112	 1,3887500000e+002	-2,21220e+001	 2,19819e-001
1113	 1,3900000000e+002	-2,21158e+001	 2,29426e-001
1114	 1,3912500000e+002	-2,21088e+001	 2,30687e-001
1115	 1,3925000000e+002	-2,20879e+001	 2,24813e-001
1116	 1,3937500000e+002	-2,20733e+001	 2,32192e-001
1117	 1,3950000000e+002	-2,20551e+001	 2,31857e-001
1118	 1,3962500000e+002	-2,20338e+001	 2,24470e-001
1119	 1,3975000000e+002	-2,20254e+001	 2,24737e-001
1120	 1,3987500000e+002	-2,19847e+001	 2,17032e-001
1121	 1,4000000000e+002	-2,19830e+001	 2,21683e-001
1122	 1,4012500000e+002	-2,19532e+001	 2,41059e-001
1123	 1,4025000000e+002	-2,19355e+001	 2,27662e-001
1124	 1,4037500000e+002	-2,19272e+001	 2,21369e-001
1125	 1,4050000000e+002	-2,19056e+001	 1,98905e-001
1126	 1,4062500000e+002	-2,18716e+001	 2,19955e-001
1127	 1,4075000000e+002	-2,18603e+001	 2,18521e-001
1128	 1,4087500000e+002	-2,18431e+001	 2,23606e-001
1129	 1,4100000000e+002	-2,18295e+001	 2,28420e-001
1130	 1,4112500000e+002	-2,18088e+001	 2,17166e-001
1131	 1,4125000000e+002	-2,17971e+001	 2,13646e-001
1132	 1,4137500000e+002	-2,17578e+001	 2,24494e-001
1133	 1,4150000000e+002	-2,17348e+001	 2,18378e-001
1134	 1,4162500000e+002	-2,17238e+001	 2,20897e-001
1135	 1,4175000000e+002	-2,17119e+001	 2,16275e-001
1136	 1,4187500000e+002	-2,16853e+001	 2,31790e-001
1137	 1,4200000000e+002	-2,16521e+001	 2,17637e-001
1138	 1,4212500000e+002	-2,16647e+001	 2,01730e-001
1139	 1,4225000000e+002	-2,16495e+001	 1,87687e-001
1140	 1,4237500000e+002	-2,16090e+001	 1,75281e-001
1141	 1,4250000000e+002	-2,15864e+001	 1,85653e-001
1142	 1,4262500000e+002	-2,15584e+001	 2,04230e-001
1143	 1,4275000000e+002	-2,15268e+001	 2,06944e-001
1144	 1,4287500000e+002	-2,15252e+001	 2,04066e-001
1145	 1,4300000000e+002	-2,15021e+001	 1,86487e-001
1146	 1,4312500000e+002	-2,14837e+001	 1,88525e-001
1147	 1,4325000000e+002	-2,14808e+001	 2,05039e-001
1148	 1,4337500000e+002	-2,14642e+001	 1,85341e-001
1149	 1,4350000000e+002	-2,14174e+001	 1,87162e-001
1150	 1,4362500000e+002	-2,14074e+001	 1,77765e-001
1151	 1,4375000000e+002	-2,13724e+001	 2,06340e-001
1152	 1,4387500000e+002	-2,13588e+001	 2,09877e-001
1153	 1,4400000000e+002	-2,13455e+001	 2,05480e-001
1154	 1,4412500000e+002	-2,13367e+001	 2,10237e-001
1155	 1,4425000000e+002	-2,12916e+001	 1,97552e-001
1156	 1,4437500000e+002	-2,12725e+001	 2,08042e-001
1157	 1,4450000000e+002	-2,12554e+001	 2,12894e-001
1158	 1,4462500000e+002	-2,12452e+001	 2,04349e-001
1159	 1,4475000000e+002	-2,12167e+001	 1,88768e-001
1160	 1,4487500000e+002	-2,12039e+001	 1,94435e-001
1161	 1,4500000000e+002	-2,11893e+001	 1,94362e-001
1162	 1,4512500000e+002	-2,11588e+001	 1,86471e-001
1163	 1,4525000000e+002	-2,11465e+001	 1,92898e-001
1164	 1,4537500000e+002	-2,11099e+001	 2,05221e-001
1165	 1,4550000000e+002	-2,10820e+001	 1,93515e-001
1166	 1,4562500000e+002	-2,10735e+001	 1,93003e-001
1167	 1,4575000000e+002	-2,10347e+001	 2,01326e-001
1168	 1,4587500000e+002	-2,10264e+001	 1,95054e-001
1169	 1,4600000000e+002	-2,09995e+001	 1,84370e-001
1170	 1,4612500000e+002	-2,09981e+001	 1,95833e-001
1171	 1,4625000000e+002	-2,09711e+001	 1,97134e-001
1172	 1,4637500000e+002	-2,09330e+001	 2,04290e-001
1173	 1,4650000000e+002	-2,09176e+001	 2,01488e-001
1174	 1,4662500000e+002	-2,08985e+001	 1,66255e-001
1175	 1,4675000000e+002	-2,08910e+001	 1,57157e-001
1176	 1,4687500000e+002	-2,08689e+001	 1,56879e-001
1177	 1,4700000000e+002	-2,08282e+001	 1,66844e-001
1178	 1,4712500000e+002	-2,08277e+001	 1,63491e-001
1179	 1,4725000000e+002	-2,07930e+001	 1,62157e-001
1180	 1,4737500000e+002	-2,07451e+001	 1,61779e-001
1181	 1,4750000000e+002	-2,07279e+001	 1,49660e-001
1182	 1,4762500000e+002	-2,07248e+001	 1,57309e-001
1183	 1,4775000000e+002	-2,06735e+001	 1,73438e-001
1184	 1,4787500000e+002	-2,06639e+001	 1,80447e-001
1185	 1,4800000000e+002	-2,06256e+001	 1,65136e-001
1186	 1,4812500000e+002	-2,05951e+001	 1,57414e-001
1187	 1,4825000000e+002	-2,05793e+001	 1,67483e-001
1188	 1,4837500000e+002	-2,05607e+001	 1,66681e-001
1189	 1,4850000000e+002	-2,05473e+001	 1,70216e-001
1190	 1,4862500000e+002	-2,05282e+001	 1,68443e-001
1191	 1,4875000000e+002	-2,05004e+001	 1,55263e-001
1192	 1,4887500000e+002	-2,04835e+001	 1,59396e-001
1193	 1,4900000000e+002	-2,04412e+001	 1,52340e-001
1194	 1,4912500000e+002	-2,04277e+001	 1,46990e-001
1195	 1,4925000000e+002	-2,04253e+001	 1,33360e-001
1196	 1,4937500000e+002	-2,03772e+001	 1,46543e-001
1197	 1,4950000000e+002	-2,03651e+001	 1,44293e-001
1198	 1,4962500000e+002	-2,03467e+001	 1,63413e-001
1199	 1,4975000000e+002	-2,03011e+001	 1,46802e-001
1200	 1,4987500000e+002	-2,02747e+001	 1,42176e-001
1201	 1,5000000000e+002	-2,02518e+001	 1,45608e-001
1202	 1,5012500000e+002	-2,02434e+001	 1,40571e-001
1203	 1,5025000000e+002	-2,02156e+001	 1,45296e-001
1204	 1,5037500000e+002	-2,01841e+001	 1,33171e-001
1205	 1,5050000000e+002	-2,01715e+001	 1,33981e-001
1206	 1,5062500000e+002	-2,01438e+001	 1,48831e-001
1207	 1,5075000000e+002	-2,01006e+001	 1,27781e-001
1208	 1,5087500000e+002	-2,00760e+001	 1,31887e-001
1209	 1,5100000000e+002	-2,00626e+001	 1,29384e-001
1210	 1,5112500000e+002	-2,00476e+001	 1,42893e-001
1211	 1,5125000000e+002	-2,00154e+001	 1,37073e-001
1212	 1,5137500000e+002	-1,99910e+001	 1,17271e-001
1213	 1,5150000000e+002	-1,99372e+001	 1,19322e-001
1214	 1,5162500000e+002	-1,99125e+001	 1,06537e-001
1215	 1,5175000000e+002	-1,98989e+001	 1,07416e-001
1216	 1,5187500000e+002	-1,98598e+001	 1,12841e-001
1217	 1,5200000000e+002	-1,98208e+001	 1,09712e-001
1218	 1,5212500000e+002	-1,98002e+001	 1,16571e-001
1219	 1,5225000000e+002	-1,97826e+001	 1,25445e-001
1220	 1,5237500000e+002	-1,97402e+001	 1,03928e-001
1221	 1,5250000000e+002	-1,97213e+001	 1,07141e-001
1222	 1,5262500000e+002	-1,96950e+001	 1,04168e-001
1223	 1,5275000000e+002	-1,96807e+001	 1,03306e-001
1224	 1,5287500000e+002	-1,96540e+001	 8,63804e-002
1225	 1,5300000000e+002	-1,96218e+001	 8,74233e-002
1226	 1,5312500000e+002	-1,95604e+001	 8,53562e-002
1227	 1,5325000000e+002	-1,95341e+001	 1,02349e-001
1228	 1,5337500000e+002	-1,95317e+001	 1,09169e-001
1229	 1,5350000000e+002	-1,94894e+001	 1,00433e-001
1230	 1,5362500000e+002	-1,94590e+001	 1,08175e-001
1231	 1,5375000000e+002	-1,94090e+001	 1,09368e-001
1232	 1,5387500000e+002	-1,93911e+001	 7,89694e-002
1233	 1,5400000000e+002	-1,93721e+001	 7,84977e-002
1234	 1,5412500000e+002	-1,93543e+001	 8,48652e-002
1235	 1,5425000000e+002	-1,93302e+001	 8,91865e-002
1236	 1,5437500000e+002	-1,92802e+001	 8,62123e-002
1237	 1,5450000000e+002	-1,92561e+001	 7,93337e-002
1238	 1,5462500000e+002	-1,92242e+001	 7,82784e-002
1239	 1,5475000000e+002	-1,91822e+001	 5,93517e-002
1240	 1,5487500000e+002	-1,91555e+001	 6,35310e-002
1241	 1,5500000000e+002	-1,91023e+001	 4,21767e-002
1242	 1,5512500000e+002	-1,90683e+001	 1,80079e-002
1243	 1,5525000000e+002	-1,90319e+001	 4,70696e-002
1244	 1,5537500000e+002	-1,90191e+001	 5,18464e-002
1245	 1,5550000000e+002	-1,90107e+001	 5,22706e-002
1246	 1,5562500000e+002	-1,89717e+001	 8,21745e-002
1247	 1,5575000000e+002	-1,89023e+001	 6,57319e-002
1248	 1,5587500000e+002	-1,88762e+001	 5,84589e-002
1249	 1,5600000000e+002	-1,88474e+001	 4,04528e-002
1250	 1,5612500000e+002	-1,88200e+001	 5,08650e-002
1251	 1,5625000000e+002	-1,87909e+001	 5,46904e-002
1252	 1,5637500000e+002	-1,87486e+001	 2,72192e-002
1253	 1,5650000000e+002	-1,87337e+001	 2,80117e-002
1254	 1,5662500000e+002	-1,87078e+001	 2,58752e-002
1255	 1,5675000000e+002	-1,86576e+001	 4,42165e-002
1256	 1,5687500000e+002	-1,86147e+001	 3,70967e-002
1257	 1,5700000000e+002	-1,85995e+001	 1,71669e-002
1258	 1,5712500000e+002	-1,85756e+001	-1,10212e-003
1259	 1,5725000000e+002	-1,85130e+001	 6,18065e-003
1260	 1,5737500000e+002	-1,84494e+001	 2,66930e-002
1261	 1,5750000000e+002	-1,84180e+001	 1,82298e-002
1262	 1,5762500000e+002	-1,84020e+001	 4,35965e-003
1263	 1,5775000000e+002	-1,83737e+001	-2,42252e-003
1264	 1,5787500000e+002	-1,83524e+001	-1,76767e-002
1265	 1,5800000000e+002	-1,82717e+001	 1,12818e-002
1266	 1,5812500000e+002	-1,82491e+001	 9,21990e-003
1267	 1,5825000000e+002	-1,82418e+001	-1,82563e-003
1268	 1,5837500000e+002	-1,81441e+001	-2,39202e-002
1269	 1,5850000000e+002	-1,80953e+001	-1,92618e-002
1270	 1,5862500000e+002	-1,80821e+001	-1,06428e-002
1271	 1,5875000000e+002	-1,80662e+001	-2,55789e-002
1272	 1,5887500000e+002	-1,80360e+001	-3,40803e-002
1273	 1,5900000000e+002	-1,80014e+001	-6,21457e-002
1274	 1,5912500000e+002	-1,79346e+001	-6,79934e-002
1275	 1,5925000000e+002	-1,78962e+001	-2,69624e-002
1276	 1,5937500000e+002	-1,77996e+001	-3,64885e-002
1277	 1,5950000000e+002	-1,77708e+001	-7,56476e-002
1278	 1,5962500000e+002	-1,77207e+001	-9,87313e-002
1279	 1,5975000000e+002	-1,76538e+001	-6,75403e-003
1280	 1,5987500000e+002	-1,76423e+001	-3,00035e-002
1281	 1,6000000000e+002	-1,76001e+001	-5,06015e-002
1282	 1,6012500000e+002	-1,75744e+001	-6,00287e-002
1283	 1,6025000000e+002	-1,75511e+001	-6,77909e-002
1284	 1,6037500000e+002	-1,74836e+001	-4,64366e-002
1285	 1,6050000000e+002	-1,74162e+001	-6,25921e-002
1286	 1,6062500000e+002	-1,73971e+001	-7,32257e-002
1287	 1,6075000000e+002	-1,73804e+001	-7,58174e-002
1288	 1,6087500000e+002	-1,73218e+001	-7,58223e-002
1289	 1,6100000000e+002	-1,72874e+001	-1,03752e-001
1290	 1,6112500000e+002	-1,72295e+001	-9,99133e-002
1291	 1,6125000000e+002	-1,71667e+001	-1,13512e-001
1292	 1,6137500000e+002	-1,71529e+001	-1,14536e-001
1293	 1,6150000000e+002	-1,71303e+001	-1,04509e-001
1294	 1,6162500000e+002	-1,71202e+001	-9,35229e-002
1295	 1,6175000000e+002	-1,69813e+001	-1,31980e-001
1296	 1,6187500000e+002	-1,68810e+001	-1,18755e-001
1297	 1,6200000000e+002	-1,68735e+001	-1,46734e-001
1298	 1,6212500000e+002	-1,68010e+001	-1,76251e-001
1299	 1,6225000000e+002	-1,67252e+001	-1,42115e-001
1300	 1,6237500000e+002	-1,67256e+001	-1,58327e-001
1301	 1,6250000000e+002	-1,66606e+001	-1,62267e-001
1302	 1,6262500000e+002	-1,66368e+001	-1,55840e-001
1303	 1,6275000000e+002	-1,65985e+001	-1,46997e-001
1304	 1,6287500000e+002	-1,65125e+001	-1,27388e-001
1305	 1,6300000000e+002	-1,64716e+001	-1,42100e-001
1306	 1,6312500000e+002	-1,63778e+001	-1,38868e-001
1307	 1,6325000000e+002	-1,62913e+001	-1,95485e-001
1308	 1,6337500000e+002	-1,62686e+001	-2,03650e-001
1309	 1,6350000000e+002	-1,62604e+001	-2,23450e-001
1310	 1,6362500000e+002	-1,62009e+001	-1,41559e-001
1311	 1,6375000000e+002	-1,61456e+001	-1,92566e-001
1312	 1,6387500000e+002	-1,60397e+001	-2,56887e-001
1313	 1,6400000000e+002	-1,59926e+001	-2,52540e-001
1314	 1,6412500000e+002	-1,59313e+001	-2,32380e-001
1315	 1,6425000000e+002	-1,58790e+001	-2,44428e-001
1316	 1,6437500000e+002	-1,58073e+001	-2,44276e-001
1317	 1,6450000000e+002	-1,57531e+001	-2,07241e-001
1318	 1,6462500000e+002	-1,56724e+001	-3,19660e-001
1319	 1,6475000000e+002	-1,56081e+001	-3,28793e-001
1320	 1,6487500000e+002	-1,55769e+001	-3,06966e-001
1321	 1,6500000000e+002	-1,55729e+001	-2,78144e-001
1322	 1,6512500000e+002	-1,54102e+001	-2,78996e-001
1323	 1,6525000000e+002	-1,53772e+001	-2,64131e-001
1324	 1,6537500000e+002	-1,53343e+001	-2,08067e-001
1325	 1,6550000000e+002	-1,51831e+001	-3,21769e-001
1326	 1,6562500000e+002	-1,51482e+001	-3,31282e-001
1327	 1,6575000000e+002	-1,51075e+001	-3,69770e-001
1328	 1,6587500000e+002	-1,50233e+001	-3,52144e-001
1329	 1,6600000000e+002	-1,49397e+001	-3,50655e-001
1330	 1,6612500000e+002	-1,48383e+001	-3,66058e-001
1331	 1,6625000000e+002	-1,47437e+001	-3,34445e-001
1332	 1,6637500000e+002	-1,46455e+001	-3,15158e-001
1333	 1,6650000000e+002	-1,46017e+001	-3,90618e-001
1334	 1,6662500000e+002	-1,45945e+001	-4,71114e-001
1335	 1,6675000000e+002	-1,44720e+001	-4,71182e-001
1336	 1,6687500000e+002	-1,44108e+001	-4,68161e-001
1337	 1,6700000000e+002	-1,43108e+001	-4,36948e-001
1338	 1,6712500000e+002	-1,42221e+001	-4,43993e-001
1339	 1,6725000000e+002	-1,41324e+001	-4,69903e-001
1340	 1,6737500000e+002	-1,40641e+001	-4,80993e-001
1341	 1,6750000000e+002	-1,40229e+001	-4,87554e-001
1342	 1,6762500000e+002	-1,39559e+001	-5,04885e-001
1343	 1,6775000000e+002	-1,37741e+001	-5,64568e-001
1344	 1,6787500000e+002	-1,37214e+001	-5,58634e-001
1345	 1,6800000000e+002	-1,36734e+001	-5,67820e-001
1346	 1,6812500000e+002	-1,35886e+001	-5,45091e-001
1347	 1,6825000000e+002	-1,34536e+001	-5,69915e-001
1348	 1,6837500000e+002	-1,33378e+001	-6,11867e-001
1349	 1,6850000000e+002	-1,32805e+001	-6,47414e-001
1350	 1,6862500000e+002	-1,31343e+001	-6,21539e-001
1351	 1,6875000000e+002	-1,30916e+001	-6,25085e-001
1352	 1,6887500000e+002	-1,28430e+001	-5,85548e-001
1353	 1,6900000000e+002	-1,27555e+001	-6,21798e-001
1354	 1,6912500000e+002	-1,26786e+001	-6,97388e-001
1355	 1,6925000000e+002	-1,26382e+001	-7,19765e-001
1356	 1,6937500000e+002	-1,26523e+001	-7,71829e-001
1357	 1,6950000000e+002	-1,24244e+001	-7,64110e-001
1358	 1,6962500000e+002	-1,23468e+001	-7,76109e-001
1359	 1,6975000000e+002	-1,22874e+001	-7,55555e-001
1360	 1,6987500000e+002	-1,21662e+001	-8,44320e-001
1361	 1,7000000000e+002	-1,21332e+001	-8,73997e-001
1362	 1,7012500000e+002	-1,18525e+001	-9,78404e-001
1363	 1,7025000000e+002	-1,17635e+001	-9,08168e-001
1364	 1,7037500000e+002	-1,16779e+001	-9,78255e-001
1365	 1,7050000000e+002	-1,14538e+001	-9,69102e-001
1366	 1,7062500000e+002	-1,13949e+001	-9,68215e-001
1367	 1,7075000000e+002	-1,13156e+001	-8,92137e-001
1368	 1,7087500000e+002	-1,13016e+001	-8,72979e-001
1369	 1,7100000000e+002	-1,09281e+001	-8,78165e-001
1370	 1,7112500000e+002	-1,08139e+001	-1,10524e+000
1371	 1,7125000000e+002	-1,07530e+001	-1,20633e+000
1372	 1,7137500000e+002	-1,06401e+001	-1,25208e+000
1373	 1,7150000000e+002	-1,05089e+001	-1,18359e+000
1374	 1,7162500000e+002	-1,03011e+001	-1,28097e+000
1375	 1,7175000000e+002	-1,02016e+001	-1,26947e+000
1376	 1,7187500000e+002	-9,96598e+000	-1,28827e+000
1377	 1,7200000000e+002	-9,84409e+000	-1,33993e+000
1378	 1,7212500000e+002	-9,72244e+000	-1,54243e+000
1379	 1,7225000000e+002	-9,48339e+000	-1,38000e+000
1380	 1,7237500000e+002	-9,41959e+000	-1,42565e+000
1381	 1,7250000000e+002	-9,23184e+000	-1,49814e+000
1382	 1,7262500000e+002	-9,10475e+000	-1,53232e+000
1383	 1,7275000000e+002	-8,88283e+000	-1,53355e+000
1384	 1,7287500000e+002	-8,77786e+000	-1,56025e+000
1385	 1,7300000000e+002	-8,53170e+000	-1,68593e+000
1386	 1,7312500000e+002	-8,42255e+000	-1,68667e+000
1387	 1,7325000000e+002	-8,27881e+000	-1,67138e+000
1388	 1,7337500000e+002	-8,10977e+000	-1,72732e+000
1389	 1,7350000000e+002	-8,05087e+000	-1,71854e+000
1390	 1,7362500000e+002	-7,53625e+000	-1,78047e+000
1391	 1,7375000000e+002	-7,34837e+000	-1,84343e+000
1392	 1,7387500000e+002	-7,12320e+000	-2,01502e+000
1393	 1,7400000000e+002	-7,03324e+000	-2,04931e+000
1394	 1,7412500000e+002	-6,84391e+000	-2,08023e+000
1395	 1,7425000000e+002	-6,64026e+000	-2,14864e+000
1396	 1,7437500000e+002	-6,35327e+000	-2,26796e+000
1397	 1,7450000000e+002	-6,16750e+000	-2,36982e+000
1398	 1,7462500000e+002	-6,02714e+000	-2,55263e+000
1399	 1,7475000000e+002	-5,56605e+000	-2,49668e+000
1400	 1,7487500000e+002	-5,38606e+000	-2,56330e+000
1401	 1,7500000000e+002	-5,20368e+000	-2,66747e+000
1402	 1,7512500000e+002	-4,96455e+000	-2,73055e+000
1403	 1,7525000000e+002	-4,74403e+000	-2,84805e+000
1404	 1,7537500000e+002	-4,65786e+000	-2,87388e+000
1405	 1,7550000000e+002	-4,03467e+000	-3,12305e+000
1406	 1,7562500000e+002	-3,86517e+000	-3,10934e+000
1407	 1,7575000000e+002	-3,42315e+000	-3,14189e+000
1408	 1,7587500000e+002	-3,14962e+000	-3,38069e+000
1409	 1,7600000000e+002	-2,99479e+000	-3,57828e+000
1410	 1,7612500000e+002	-2,59645e+000	-3,76344e+000
1411	 1,7625000000e+002	-2,25074e+000	-3,80361e+000
1412	 1,7637500000e+002	-2,13682e+000	-3,88173e+000
1413	 1,7650000000e+002	-1,75975e+000	-4,16342e+000
1414	 1,7662500000e+002	-1,46048e+000	-4,37831e+000
1415	 1,7675000000e+002	-1,15757e+000	-4,48108e+000
1416	 1,7687500000e+002	-6,90916e-001	-4,50145e+000
1417	 1,7700000000e+002	-1,17279e-001	-4,70824e+000
1418	 1,7712500000e+002	 2,49582e-003	-4,59700e+000
1419	 1,7725000000e+002	 4,49604e-001	-5,27664e+000
1420	 1,7737500000e+002	 1,05596e+000	-5,46945e+000
1421	 1,7750000000e+002	 1,30500e+000	-5,57577e+000
1422	 1,7762500000e+002	 1,48300e+000	-5,81195e+000
1423	 1,7775000000e+002	 2,39456e+000	-6,18720e+000
1424	 1,7787500000e+002	 2,60960e+000	-6,36758e+000
1425	 1,7800000000e+002	 3,22192e+000	-6,56944e+000
1426	 1,7812500000e+002	 3,57956e+000	-6,62250e+000
1427	 1,7825000000e+002	 4,09399e+000	-6,91757e+000
1428	 1,7837500000e+002	 4,68433e+000	-7,84546e+000
1429	 1,7850000000e+002	 5,08707e+000	-8,06853e+000
1430	 1,7862500000e+002	 5,60721e+000	-8,33918e+000
1431	 1,7875000000e+002	 6,13080e+000	-8,87374e+000
1432	 1,7887500000e+002	 6,51803e+000	-9,22354e+000
1433	 1,7900000000e+002	 7,46248e+000	-9,87106e+000
1434	 1,7912500000e+002	 8,32321e+000	-1,03737e+001
1435	 1,7925000000e+002	 8,87155e+000	-1,07816e+001
1436	 1,7937500000e+002	 9,11839e+000	-1,14252e+001
1437	 1,7950000000e+002	 1,00221e+001	-1,19096e+001
1438	 1,7962500000e+002	 1,07023e+001	-1,23071e+001
1439	 1,7975000000e+002	 1,21901e+001	-1,36734e+001
1440	 1,7987500000e+002	 1,23801e+001	-1,45995e+001
1441	 1,8000000000e+002	 1,29390e+001	-1,52640e+001
1442	 1,8012500000e+002	 1,35252e+001	-1,63136e+001
1443	 1,8025000000e+002	 1,47107e+001	-1,70259e+001
1444	 1,8037500000e+002	 1,45393e+001	-1,76990e+001
1445	 1,8050000000e+002	 1,57562e+001	-2,00020e+001
1446	 1,8062500000e+002	 1,67606e+001	-2,13318e+001
1447	 1,8075000000e+002	 1,69466e+001	-2,19172e+001
1448	 1,8087500000e+002	 1,77815e+001	-2,26285e+001
1449	 1,8100000000e+002	 1,86037e+001	-2,44579e+001
1450	 1,8112500000e+002	 2,02529e+001	-2,58637e+001
1451	 1,8125000000e+002	 1,96883e+001	-2,90529e+001
1452	 1,8137500000e+002	 1,98720e+001	-3,12314e+001
1453	 1,8150000000e+002	 2,07435e+001	-3,30704e+001
1454	 1,8162500000e+002	 2,17726e+001	-3,48001e+001
1455	 1,8175000000e+002	 2,25821e+001	-3,55798e+001
1456	 1,8187500000e+002	 1,96827e+001	-4,18096e+001
1457	 1,8200000000e+002	 1,87408e+001	-4,18647e+001
1458	 1,8212500000e+002	 1,83272e+001	-4,47149e+001
1459	 1,8225000000e+002	 1,93282e+001	-4,98391e+001
1460	 1,8237500000e+002	 1,73629e+001	-5,41860e+001
1461	 1,8250000000e+002	 1,67176e+001	-5,51175e+001
1462	 1,8262500000e+002	 1,30416e+001	-5,81167e+001
1463	 1,8275000000e+002	 1,20973e+001	-5,93713e+001
1464	 1,8287500000e+002	 1,08791e+001	-6,48334e+001
1465	 1,8300000000e+002	 1,92068e+000	-6,61794e+001
1466	 1,8312500000e+002	-5,40586e-001	-6,72311e+001
1467	 1,8325000000e+002	-5,87665e-001	-6,78035e+001
1468	 1,8337500000e+002	-7,75264e+000	-6,92046e+001
1469	 1,8350000000e+002	-1,05248e+001	-7,09534e+001
1470	 1,8362500000e+002	-1,15772e+001	-7,17293e+001
1471	 1,8375000000e+002	-1,57977e+001	-6,95818e+001
1472	 1,8387500000e+002	-1,83690e+001	-6,80003e+001
1473	 1,8400000000e+002	-2,21785e+001	-6,63215e+001
1474	 1,8412500000e+002	-3,23529e+001	-6,34698e+001
1475	 1,8425000000e+002	-3,32484e+001	-6,18678e+001
1476	 1,8437500000e+002	-3,29866e+001	-6,18046e+001
1477	 1,8450000000e+002	-3,42418e+001	-6,22106e+001
1478	 1,8462500000e+002	-3,86760e+001	-5,49808e+001
1479	 1,8475000000e+002	-3,81923e+001	-5,06882e+001
1480	 1,8487500000e+002	-3,85540e+001	-5,14128e+001
1481	 1,8500000000e+002	-4,03648e+001	-5,05519e+001
1482	 1,8512500000e+002	-4,10777e+001	-4,81276e+001
1483	 1,8525000000e+002	-4,10285e+001	-4,66032e+001
1484	 1,8537500000e+002	-4,12429e+001	-4,38408e+001
1485	 1,8550000000e+002	-4,10657e+001	-4,18186e+001
1486	 1,8562500000e+002	-3,97137e+001	-4,01468e+001
1487	 1,8575000000e+002	-4,00947e+001	-3,86997e+001
1488	 1,8587500000e+002	-3,97729e+001	-3,67069e+001
1489	 1,8600000000e+002	-3,94685e+001	-3,63289e+001
1490	 1,8612500000e+002	-3,87127e+001	-3,51127e+001
1491	 1,8625000000e+002	-3,86055e+001	-3,41245e+001
1492	 1,8637500000e+002	-3,94597e+001	-3,24204e+001
1493	 1,8650000000e+002	-3,87698e+001	-3,17459e+001
1494	 1,8662500000e+002	-3,66733e+001	-3,12016e+001
1495	 1,8675000000e+002	-3,59532e+001	-3,08730e+001
1496	 1,8687500000e+002	-3,58030e+001	-3,09693e+001
1497	 1,8700000000e+002	-3,54955e+001	-2,94188e+001
1498	 1,8712500000e+002	-3,39651e+001	-2,83422e+001
1499	 1,8725000000e+002	-3,23122e+001	-2,98767e+001
1500	 1,8737500000e+002	-3,18913e+001	-3,01426e+001
1501	 1,8750000000e+002	-3,11343e+001	-2,98619e+001
1502	 1,8762500000e+002	-3,09657e+001	-2,95294e+001
1503	 1,8775000000e+002	-2,96229e+001	-3,01732e+001
1504	 1,8787500000e+002	-2,84123e+001	-3,10357e+001
1505	 1,8800000000e+002	-2,77333e+001	-3,09018e+001
1506	 1,8812500000e+002	-2,64688e+001	-3,10721e+001
1507	 1,8825000000e+002	-2,56603e+001	-3,20918e+001
1508	 1,8837500000e+002	-2,50878e+001	-3,23393e+001
1509	 1,8850000000e+002	-2,39621e+001	-3,46559e+001
1510	 1,8862500000e+002	-2,45782e+001	-3,52882e+001
1511	 1,8875000000e+002	-2,37470e+001	-3,68148e+001
1512	 1,8887500000e+002	-2,32650e+001	-3,88599e+001
1513	 1,8900000000e+002	-2,31395e+001	-4,03850e+001
1514	 1,8912500000e+002	-2,33615e+001	-4,17095e+001
1515	 1,8925000000e+002	-2,44611e+001	-4,34488e+001
1516	 1,8937500000e+002	-2,43398e+001	-4,89311e+001
1517	 1,8950000000e+002	-2,50016e+001	-4,91067e+001
1518	 1,8962500000e+002	-2,88865e+001	-5,25677e+001
1519	 1,8975000000e+002	-3,04045e+001	-5,47913e+001
1520	 1,8987500000e+002	-3,29490e+001	-5,85521e+001
1521	 1,9000000000e+002	-3,56946e+001	-5,95887e+001
1522	 1,9012500000e+002	-4,00314e+001	-6,10354e+001
1523	 1,9025000000e+002	-4,34853e+001	-6,12239e+001
1524	 1,9037500000e+002	-4,98625e+001	-6,18930e+001
1525	 1,9050000000e+002	-5,56273e+001	-6,00001e+001
1526	 1,9062500000e+002	-5,92851e+001	-5,91381e+001
1527	 1,9075000000e+002	-6,24912e+001	-5,67702e+001
1528	 1,9087500000e+002	-6,60499e+001	-5,30394e+001
1529	 1,9100000000e+002	-6,98498e+001	-4,81728e+001
1530	 1,9112500000e+002	-7,07769e+001	-4,60517e+001
1531	 1,9125000000e+002	-7,25180e+001	-4,36569e+001
1532	 1,9137500000e+002	-7,47157e+001	-3,81329e+001
1533	 1,9150000000e+002	-7,29397e+001	-3,55745e+001
1534	 1,9162500000e+002	-7,14374e+001	-3,20430e+001
1535	 1,9175000000e+002	-7,31934e+001	-3,03221e+001
1536	 1,9187500000e+002	-7,20071e+001	-2,35366e+001
1537	 1,9200000000e+002	-7,05920e+001	-2,29159e+001
1538	 1,9212500000e+002	-7,02802e+001	-2,16383e+001
1539	 1,9225000000e+002	-6,92848e+001	-1,95380e+001
1540	 1,9237500000e+002	-6,78162e+001	-1,69645e+001
1541	 1,9250000000e+002	-6,66110e+001	-1,53640e+001
1542	 1,9262500000e+002	-6,51137e+001	-1,35020e+001
1543	 1,9275000000e+002	-6,50573e+001	-1,34331e+001
1544	 1,9287500000e+002	-6,39970e+001	-1,22282e+001
1545	 1,9300000000e+002	-6,25931e+001	-1,13408e+001
1546	 1,9312500000e+002	-6,15291e+001	-1,05906e+001
1547	 1,9325000000e+002	-6,06577e+001	-1,00791e+001
1548	 1,9337500000e+002	-5,93837e+001	-8,86377e+000
1549	 1,9350000000e+002	-5,85196e+001	-8,14510e+000
1550	 1,9362500000e+002	-5,83478e+001	-8,05056e+000
1551	 1,9375000000e+002	-5,81135e+001	-7,93068e+000
1552	 1,9387500000e+002	-5,71025e+001	-6,97777e+000
1553	 1,9400000000e+002	-5,57457e+001	-6,19705e+000
1554	 1,9412500000e+002	-5,53451e+001	-6,15679e+000
1555	 1,9425000000e+002	-5,44100e+001	-5,90281e+000
1556	 1,9437500000e+002	-5,40987e+001	-5,74767e+000
1557	 1,9450000000e+002	-5,36020e+001	-5,14312e+000
1558	 1,9462500000e+002	-5,30220e+001	-4,95071e+000
1559	 1,9475000000e+002	-5,28357e+001	-4,73237e+000
1560	 1,9487500000e+002	-5,23347e+001	-4,55536e+000
1561	 1,9500000000e+002	-5,13258e+001	-4,06158e+000
1562	 1,9512500000e+002	-5,08707e+001	-3,88833e+000
1563	 1,9525000000e+002	-5,01322e+001	-3,69459e+000
1564	 1,9537500000e+002	-4,98105e+001	-3,68285e+000
1565	 1,9550000000e+002	-4,94234e+001	-3,58694e+000
1566	 1,9562500000e+002	-4,88172e+001	-3,29886e+000
1567	 1,9575000000e+002	-4,85071e+001	-3,15975e+000
1568	 1,9587500000e+002	-4,81685e+001	-3,13021e+000
1569	 1,9600000000e+002	-4,74020e+001	-3,07422e+000
1570	 1,9612500000e+002	-4,74594e+001	-2,95533e+000
1571	 1,9625000000e+002	-4,72491e+001	-2,94779e+000
1572	 1,9637500000e+002	-4,67472e+001	-2,66071e+000
1573	 1,9650000000e+002	-4,63316e+001	-2,49983e+000
1574	 1,9662500000e+002	-4,60038e+001	-2,58830e+000
1575	 1,9675000000e+002	-4,58007e+001	-2,43542e+000
1576	 1,9687500000e+002	-4,54385e+001	-2,11057e+000
1577	 1,9700000000e+002	-4,48358e+001	-2,17649e+000
1578	 1,9712500000e+002	-4,45824e+001	-2,11339e+000
1579	 1,9725000000e+002	-4,43325e+001	-2,06012e+000
1580	 1,9737500000e+002	-4,43220e+001	-1,91790e+000
1581	 1,9750000000e+002	-4,43178e+001	-2,03233e+000
1582	 1,9762500000e+002	-4,37427e+001	-1,87433e+000
1583	 1,9775000000e+002	-4,34595e+001	-2,03962e+000
1584	 1,9787500000e+002	-4,30547e+001	-2,09493e+000
1585	 1,9800000000e+002	-4,29222e+001	-1,80988e+000
1586	 1,9812500000e+002	-4,27484e+001	-1,79153e+000
1587	 1,9825000000e+002	-4,24665e+001	-1,72106e+000
1588	 1,9837500000e+002	-4,23704e+001	-1,49119e+000
1589	 1,9850000000e+002	-4,22589e+001	-1,44706e+000
1590	 1,9862500000e+002	-4,22429e+001	-1,33943e+000
1591	 1,9875000000e+002	-4,16925e+001	-1,57081e+000
1592	 1,9887500000e+002	-4,14193e+001	-1,45841e+000
1593	 1,9900000000e+002	-4,13010e+001	-1,35131e+000
1594	 1,9912500000e+002	-4,11594e+001	-1,32751e+000
1595	 1,9925000000e+002	-4,08385e+001	-1,49520e+000
1596	 1,9937500000e+002	-4,05210e+001	-1,34657e+000
1597	 1,9950000000e+002	-4,05883e+001	-1,26299e+000
1598	 1,9962500000e+002	-4,05684e+001	-1,25598e+000
1599	 1,9975000000e+002	-4,04135e+001	-1,00604e+000
1600	 1,9987500000e+002	-4,02102e+001	-1,36363e+000
1601	 2,0000000000e+002	-3,97712e+001	-1,30332e+000
TagsBegin:	 	 	 
OverLoad:	 	False	 
AverageNumber: []	 	 3,00000e+000	 
OverLoadRatio: []	 	 1,19209e-007	 
TagsEnd:	 	 	 
TagScalesBegin:	 	 	 
TagScalesEnd:	 	 	 
