Header Size:	 79	 	 
Pulse Version:	 80	 	 
Running Pulse Version:	PULSE LabShop  Version 18.1.0.28 - 2013-11-23	 	 
Decimal Symbol:	,	 	 
Date Format:	dd.MM.yyyy	 	 
Time Format:	HH:mm:ss:mmm	 	 
Data Type:	Complex	 	 
Slice:	False	 	 
Z-Axis type:	Linear	 	 
Z-Axis size:	1	 	 
Z-Axis unit:	 	 	 
Z-Axis first value:	 0,0000000000e+000	 	 
Z-Axis delta:	 1,0000000000e+000	 	 
X-Axis type:	Linear	 	 
X-Axis size:	801	 	 
X-Axis unit:	Hz	 	 
X-Axis first value:	 0,0000000000e+000	 	 
X-Axis delta:	 1,2500000000e-001	 	 
	 	 	 
AmplitudeUnit:	(m/s²)/N	 	 
Analyzer:	FFT_Spectrum_Averaging	 	 
AnalyzerName:	STS FFT Analyzer	 	 
	 	 	 
	 	 	 
Bipolar:	True	 	 
CenterFrequency:	 5,0000000000e+001	 	 
	 	 	 
	 	 	 
	 	 	 
	 	 	 
	 	 	 
	 	 	 
	 	 	 
	 	 	 
Domain:	1	 	 
Function:	Frequency Response	 	 
	 	 	 
	 	 	 
	 	 	 
	 	 	 
MultiBufferName:	Input	 	 
NBW:	 1,5000000000e+000	 	 
	 	 	 
OverlapFailed:	False	 	 
Overrun:	False	 	 
Power:	False	 	 
	 	 	 
Ratio:	True	 	 
RecordLength:	 8,0000000000e+000	 	 
ReducedSize:	True	 	 
Ref_Signal:	ForceTransducer Ref.	 	 
	 	 	 
	 	 	 
RefSignalUnit:	N	 	 
	 	 	 
	 	 	 
Signal:	4507 B 1-x	 	 
	 	 	 
SignalUnit:	m/s²	 	 
	 	 	 
	 	 	 
	 	 	 
Title:	Frequency Response H1(4507 B 1-x,ForceTransducer Ref.) - STS Measurement 1	 	 
Title1:	STS : STS Measurement 1 : Input : STS FFT Analyzer	 	 
	 	 	 
	 	 	 
	 	 	 
ZoomOn:	False	 	 
	 	 	 
TemplateName:	STS	 	 
MeasurementName:	STS Measurement 1	 	 
MeasurementSlice:	False	 	 
	 	 	 
	 	 	 
	 	 	 
EnvelopeOn:	False	 	 
	 	 	 
	 	 	 
	 	 	 
Z-index:	 	1	 
Date:	 	01.03.2016	 
Time:	 	17:51:52:916	 
Relative time:	 	 0,00000e+000	 
Z-axis:	 	 0,0000000000e+000	 
1	 0,0000000000e+000	-5,22491e+001	-0,00000e+000
2	 1,2500000000e-001	-4,51949e+001	 3,19434e+001
3	 2,5000000000e-001	-4,04233e+000	 7,21242e+000
4	 3,7500000000e-001	-2,78867e-001	-1,47185e+000
5	 5,0000000000e-001	-1,20758e-001	-3,86975e-001
6	 6,2500000000e-001	 3,51526e-001	 2,33729e+000
7	 7,5000000000e-001	 4,68983e-001	 3,97210e-001
8	 8,7500000000e-001	 1,28122e-001	-1,30593e-001
9	 1,0000000000e+000	 7,44662e-001	-3,23994e-001
10	 1,1250000000e+000	 8,79811e-001	-3,75750e-001
11	 1,2500000000e+000	 5,91785e-001	-8,01475e-002
12	 1,3750000000e+000	 3,09222e-001	-1,94311e-002
13	 1,5000000000e+000	 2,28148e-001	-2,03355e-001
14	 1,6250000000e+000	 5,31836e-001	-3,85442e-001
15	 1,7500000000e+000	 6,47260e-001	-3,05598e-001
16	 1,8750000000e+000	 6,52229e-001	-2,06272e-001
17	 2,0000000000e+000	 7,53579e-001	-3,06750e-001
18	 2,1250000000e+000	 8,83518e-001	-2,50629e-001
19	 2,2500000000e+000	 9,45634e-001	-2,24504e-001
20	 2,3750000000e+000	 8,92406e-001	-1,77058e-001
21	 2,5000000000e+000	 9,54461e-001	-2,74692e-001
22	 2,6250000000e+000	 1,14579e+000	-3,63373e-001
23	 2,7500000000e+000	 1,36626e+000	-3,29641e-001
24	 2,8750000000e+000	 1,42645e+000	-3,25311e-001
25	 3,0000000000e+000	 1,47222e+000	-3,84815e-001
26	 3,1250000000e+000	 1,57626e+000	-4,02535e-001
27	 3,2500000000e+000	 1,86750e+000	-4,06768e-001
28	 3,3750000000e+000	 1,95061e+000	-4,29283e-001
29	 3,5000000000e+000	 2,01722e+000	-4,14363e-001
30	 3,6250000000e+000	 2,40612e+000	-4,60422e-001
31	 3,7500000000e+000	 2,51113e+000	-5,60392e-001
32	 3,8750000000e+000	 2,59909e+000	-5,87350e-001
33	 4,0000000000e+000	 2,93113e+000	-5,38734e-001
34	 4,1250000000e+000	 3,06751e+000	-5,68836e-001
35	 4,2500000000e+000	 3,29178e+000	-6,12948e-001
36	 4,3750000000e+000	 3,44797e+000	-6,43178e-001
37	 4,5000000000e+000	 3,62604e+000	-6,23693e-001
38	 4,6250000000e+000	 4,07708e+000	-7,31569e-001
39	 4,7500000000e+000	 4,16123e+000	-7,16996e-001
40	 4,8750000000e+000	 4,40605e+000	-7,94931e-001
41	 5,0000000000e+000	 4,80191e+000	-8,17595e-001
42	 5,1250000000e+000	 4,99356e+000	-8,71800e-001
43	 5,2500000000e+000	 5,46071e+000	-1,02336e+000
44	 5,3750000000e+000	 5,87129e+000	-1,05374e+000
45	 5,5000000000e+000	 6,09623e+000	-1,06023e+000
46	 5,6250000000e+000	 6,32276e+000	-1,14701e+000
47	 5,7500000000e+000	 6,73499e+000	-1,10530e+000
48	 5,8750000000e+000	 7,27588e+000	-1,09218e+000
49	 6,0000000000e+000	 7,68599e+000	-1,11004e+000
50	 6,1250000000e+000	 8,18699e+000	-1,18243e+000
51	 6,2500000000e+000	 8,55414e+000	-1,22881e+000
52	 6,3750000000e+000	 9,17847e+000	-1,37317e+000
53	 6,5000000000e+000	 9,64300e+000	-1,52010e+000
54	 6,6250000000e+000	 1,01615e+001	-1,42833e+000
55	 6,7500000000e+000	 1,07816e+001	-1,26181e+000
56	 6,8750000000e+000	 1,14561e+001	-1,44845e+000
57	 7,0000000000e+000	 1,20953e+001	-1,45901e+000
58	 7,1250000000e+000	 1,28318e+001	-1,64088e+000
59	 7,2500000000e+000	 1,37806e+001	-1,91865e+000
60	 7,3750000000e+000	 1,45608e+001	-2,18651e+000
61	 7,5000000000e+000	 1,55761e+001	-1,89206e+000
62	 7,6250000000e+000	 1,68610e+001	-2,02332e+000
63	 7,7500000000e+000	 1,76010e+001	-2,09505e+000
64	 7,8750000000e+000	 1,85374e+001	-2,22183e+000
65	 8,0000000000e+000	 2,00007e+001	-2,03964e+000
66	 8,1250000000e+000	 2,21735e+001	-2,51181e+000
67	 8,2500000000e+000	 2,24834e+001	-2,73060e+000
68	 8,3750000000e+000	 2,35709e+001	-3,06657e+000
69	 8,5000000000e+000	 2,54903e+001	-3,71738e+000
70	 8,6250000000e+000	 2,73041e+001	-4,24334e+000
71	 8,7500000000e+000	 3,14422e+001	-2,97364e+000
72	 8,8750000000e+000	 3,29950e+001	-3,08941e+000
73	 9,0000000000e+000	 3,44581e+001	-3,72244e+000
74	 9,1250000000e+000	 4,01060e+001	-4,05683e+000
75	 9,2500000000e+000	 4,01905e+001	-3,21150e+000
76	 9,3750000000e+000	 4,45099e+001	-2,95047e+000
77	 9,5000000000e+000	 5,22742e+001	-2,60789e+000
78	 9,6250000000e+000	 5,64885e+001	-4,70649e+000
79	 9,7500000000e+000	 5,92503e+001	-6,08168e+000
80	 9,8750000000e+000	 7,24918e+001	-8,89804e+000
81	 1,0000000000e+001	 7,84919e+001	-7,71381e+000
82	 1,0125000000e+001	 8,34376e+001	-5,09607e+000
83	 1,0250000000e+001	 1,09031e+002	-3,69818e+000
84	 1,0375000000e+001	 1,25330e+002	 5,10364e+000
85	 1,0500000000e+001	 1,46509e+002	 2,45549e+001
86	 1,0625000000e+001	 1,43973e+002	 7,35078e+001
87	 1,0750000000e+001	 1,11296e+002	 1,20998e+002
88	 1,0875000000e+001	 6,11170e+000	 2,58909e+002
89	 1,1000000000e+001	-1,10641e+002	 2,32403e+002
90	 1,1125000000e+001	-1,24082e+002	 1,48424e+002
91	 1,1250000000e+001	-1,24299e+002	 6,76611e+001
92	 1,1375000000e+001	-1,23657e+002	 2,62427e+001
93	 1,1500000000e+001	-1,14955e+002	 1,79845e+001
94	 1,1625000000e+001	-1,03413e+002	 6,38711e+000
95	 1,1750000000e+001	-9,73005e+001	 4,77012e+000
96	 1,1875000000e+001	-9,32052e+001	 9,81063e-001
97	 1,2000000000e+001	-8,60935e+001	 2,40608e-001
98	 1,2125000000e+001	-7,97608e+001	 2,35734e+000
99	 1,2250000000e+001	-7,65583e+001	 1,78143e+000
100	 1,2375000000e+001	-7,31098e+001	-1,25123e-001
101	 1,2500000000e+001	-6,73026e+001	 9,29590e-001
102	 1,2625000000e+001	-6,42657e+001	-1,22017e-001
103	 1,2750000000e+001	-6,09086e+001	 1,23211e+000
104	 1,2875000000e+001	-5,86977e+001	 2,78951e+000
105	 1,3000000000e+001	-5,56204e+001	 1,76931e+000
106	 1,3125000000e+001	-5,43400e+001	 1,00391e+000
107	 1,3250000000e+001	-5,22919e+001	 1,25460e+000
108	 1,3375000000e+001	-5,06393e+001	 1,85507e+000
109	 1,3500000000e+001	-4,89440e+001	 1,49112e+000
110	 1,3625000000e+001	-4,73836e+001	 7,39789e-001
111	 1,3750000000e+001	-4,64117e+001	 2,48258e-001
112	 1,3875000000e+001	-4,52148e+001	 7,18726e-001
113	 1,4000000000e+001	-4,39778e+001	 7,42836e-001
114	 1,4125000000e+001	-4,18613e+001	 1,50702e+000
115	 1,4250000000e+001	-4,14385e+001	 1,50335e+000
116	 1,4375000000e+001	-4,05949e+001	 1,35219e+000
117	 1,4500000000e+001	-3,93795e+001	 1,50453e+000
118	 1,4625000000e+001	-3,87792e+001	 1,34633e+000
119	 1,4750000000e+001	-3,75264e+001	 1,33450e+000
120	 1,4875000000e+001	-3,69840e+001	 1,30475e+000
121	 1,5000000000e+001	-3,65776e+001	 1,45348e+000
122	 1,5125000000e+001	-3,51891e+001	 1,76057e+000
123	 1,5250000000e+001	-3,49314e+001	 1,53630e+000
124	 1,5375000000e+001	-3,43194e+001	 1,26703e+000
125	 1,5500000000e+001	-3,38260e+001	 1,32051e+000
126	 1,5625000000e+001	-3,33802e+001	 1,27308e+000
127	 1,5750000000e+001	-3,29462e+001	 1,16431e+000
128	 1,5875000000e+001	-3,25321e+001	 1,20910e+000
129	 1,6000000000e+001	-3,21063e+001	 1,14638e+000
130	 1,6125000000e+001	-3,14787e+001	 9,74368e-001
131	 1,6250000000e+001	-3,12128e+001	 1,00059e+000
132	 1,6375000000e+001	-3,05091e+001	 1,14632e+000
133	 1,6500000000e+001	-3,03923e+001	 1,12715e+000
134	 1,6625000000e+001	-2,99616e+001	 1,03970e+000
135	 1,6750000000e+001	-2,95430e+001	 1,04034e+000
136	 1,6875000000e+001	-2,94071e+001	 9,75808e-001
137	 1,7000000000e+001	-2,91720e+001	 9,80727e-001
138	 1,7125000000e+001	-2,87818e+001	 8,87153e-001
139	 1,7250000000e+001	-2,84258e+001	 9,55962e-001
140	 1,7375000000e+001	-2,82296e+001	 8,66250e-001
141	 1,7500000000e+001	-2,79294e+001	 8,78591e-001
142	 1,7625000000e+001	-2,77414e+001	 8,65434e-001
143	 1,7750000000e+001	-2,75462e+001	 9,01747e-001
144	 1,7875000000e+001	-2,71783e+001	 9,75950e-001
145	 1,8000000000e+001	-2,69493e+001	 8,94020e-001
146	 1,8125000000e+001	-2,66919e+001	 8,98610e-001
147	 1,8250000000e+001	-2,65980e+001	 8,50981e-001
148	 1,8375000000e+001	-2,64907e+001	 8,37930e-001
149	 1,8500000000e+001	-2,63281e+001	 9,63266e-001
150	 1,8625000000e+001	-2,61745e+001	 9,88277e-001
151	 1,8750000000e+001	-2,59048e+001	 8,63659e-001
152	 1,8875000000e+001	-2,55226e+001	 7,33919e-001
153	 1,9000000000e+001	-2,53314e+001	 7,87511e-001
154	 1,9125000000e+001	-2,52627e+001	 7,99671e-001
155	 1,9250000000e+001	-2,50948e+001	 7,71886e-001
156	 1,9375000000e+001	-2,50115e+001	 7,51704e-001
157	 1,9500000000e+001	-2,49015e+001	 7,86452e-001
158	 1,9625000000e+001	-2,47056e+001	 7,60021e-001
159	 1,9750000000e+001	-2,45998e+001	 7,16320e-001
160	 1,9875000000e+001	-2,43986e+001	 6,41296e-001
161	 2,0000000000e+001	-2,42723e+001	 7,29504e-001
162	 2,0125000000e+001	-2,41333e+001	 7,15818e-001
163	 2,0250000000e+001	-2,39732e+001	 7,41692e-001
164	 2,0375000000e+001	-2,38458e+001	 7,53282e-001
165	 2,0500000000e+001	-2,37287e+001	 7,40289e-001
166	 2,0625000000e+001	-2,36557e+001	 7,86614e-001
167	 2,0750000000e+001	-2,35849e+001	 7,70836e-001
168	 2,0875000000e+001	-2,34708e+001	 7,41904e-001
169	 2,1000000000e+001	-2,33467e+001	 7,33748e-001
170	 2,1125000000e+001	-2,31480e+001	 7,79447e-001
171	 2,1250000000e+001	-2,31056e+001	 7,58219e-001
172	 2,1375000000e+001	-2,29748e+001	 6,93254e-001
173	 2,1500000000e+001	-2,28068e+001	 7,25771e-001
174	 2,1625000000e+001	-2,27687e+001	 7,57858e-001
175	 2,1750000000e+001	-2,27181e+001	 7,74346e-001
176	 2,1875000000e+001	-2,25500e+001	 7,79597e-001
177	 2,2000000000e+001	-2,24671e+001	 7,54400e-001
178	 2,2125000000e+001	-2,23724e+001	 7,35008e-001
179	 2,2250000000e+001	-2,23124e+001	 7,44518e-001
180	 2,2375000000e+001	-2,22033e+001	 7,57830e-001
181	 2,2500000000e+001	-2,21365e+001	 7,53470e-001
182	 2,2625000000e+001	-2,20073e+001	 7,32558e-001
183	 2,2750000000e+001	-2,19585e+001	 7,36501e-001
184	 2,2875000000e+001	-2,18850e+001	 7,27592e-001
185	 2,3000000000e+001	-2,17796e+001	 7,21735e-001
186	 2,3125000000e+001	-2,17158e+001	 7,13100e-001
187	 2,3250000000e+001	-2,16262e+001	 7,23325e-001
188	 2,3375000000e+001	-2,15561e+001	 7,50017e-001
189	 2,3500000000e+001	-2,14786e+001	 6,77104e-001
190	 2,3625000000e+001	-2,14262e+001	 7,30310e-001
191	 2,3750000000e+001	-2,13329e+001	 7,16756e-001
192	 2,3875000000e+001	-2,12591e+001	 7,05986e-001
193	 2,4000000000e+001	-2,11551e+001	 7,31490e-001
194	 2,4125000000e+001	-2,11192e+001	 7,31803e-001
195	 2,4250000000e+001	-2,10350e+001	 7,27025e-001
196	 2,4375000000e+001	-2,09659e+001	 7,42121e-001
197	 2,4500000000e+001	-2,08994e+001	 7,35513e-001
198	 2,4625000000e+001	-2,07944e+001	 7,29650e-001
199	 2,4750000000e+001	-2,07118e+001	 7,23623e-001
200	 2,4875000000e+001	-2,06558e+001	 7,11392e-001
201	 2,5000000000e+001	-2,06133e+001	 7,13580e-001
202	 2,5125000000e+001	-2,06011e+001	 7,11360e-001
203	 2,5250000000e+001	-2,05208e+001	 6,98172e-001
204	 2,5375000000e+001	-2,04297e+001	 7,24265e-001
205	 2,5500000000e+001	-2,03945e+001	 7,07808e-001
206	 2,5625000000e+001	-2,03293e+001	 6,90354e-001
207	 2,5750000000e+001	-2,02388e+001	 6,92842e-001
208	 2,5875000000e+001	-2,02037e+001	 7,05191e-001
209	 2,6000000000e+001	-2,01705e+001	 7,12238e-001
210	 2,6125000000e+001	-2,00650e+001	 6,96449e-001
211	 2,6250000000e+001	-2,00223e+001	 6,91929e-001
212	 2,6375000000e+001	-1,99532e+001	 7,20043e-001
213	 2,6500000000e+001	-1,98811e+001	 7,11001e-001
214	 2,6625000000e+001	-1,98506e+001	 6,76427e-001
215	 2,6750000000e+001	-1,97815e+001	 6,70016e-001
216	 2,6875000000e+001	-1,97320e+001	 6,59313e-001
217	 2,7000000000e+001	-1,97048e+001	 6,63811e-001
218	 2,7125000000e+001	-1,96379e+001	 6,59595e-001
219	 2,7250000000e+001	-1,96067e+001	 6,48142e-001
220	 2,7375000000e+001	-1,95464e+001	 6,28727e-001
221	 2,7500000000e+001	-1,94658e+001	 6,43648e-001
222	 2,7625000000e+001	-1,94236e+001	 6,70236e-001
223	 2,7750000000e+001	-1,93668e+001	 6,54613e-001
224	 2,7875000000e+001	-1,93437e+001	 6,57551e-001
225	 2,8000000000e+001	-1,92910e+001	 6,72572e-001
226	 2,8125000000e+001	-1,92519e+001	 6,17005e-001
227	 2,8250000000e+001	-1,91921e+001	 6,12887e-001
228	 2,8375000000e+001	-1,91712e+001	 6,17866e-001
229	 2,8500000000e+001	-1,91401e+001	 5,97286e-001
230	 2,8625000000e+001	-1,90780e+001	 6,20868e-001
231	 2,8750000000e+001	-1,90374e+001	 6,31599e-001
232	 2,8875000000e+001	-1,89757e+001	 6,05714e-001
233	 2,9000000000e+001	-1,89426e+001	 6,02931e-001
234	 2,9125000000e+001	-1,88907e+001	 6,07917e-001
235	 2,9250000000e+001	-1,88489e+001	 6,01212e-001
236	 2,9375000000e+001	-1,88168e+001	 5,98019e-001
237	 2,9500000000e+001	-1,87844e+001	 6,07951e-001
238	 2,9625000000e+001	-1,87289e+001	 6,00766e-001
239	 2,9750000000e+001	-1,86710e+001	 5,88423e-001
240	 2,9875000000e+001	-1,86628e+001	 5,95996e-001
241	 3,0000000000e+001	-1,86002e+001	 6,08592e-001
242	 3,0125000000e+001	-1,85487e+001	 5,99543e-001
243	 3,0250000000e+001	-1,85395e+001	 6,01949e-001
244	 3,0375000000e+001	-1,84832e+001	 6,16903e-001
245	 3,0500000000e+001	-1,84318e+001	 5,53501e-001
246	 3,0625000000e+001	-1,83905e+001	 5,37801e-001
247	 3,0750000000e+001	-1,83607e+001	 5,64098e-001
248	 3,0875000000e+001	-1,82907e+001	 5,58628e-001
249	 3,1000000000e+001	-1,82551e+001	 5,46919e-001
250	 3,1125000000e+001	-1,82374e+001	 5,40928e-001
251	 3,1250000000e+001	-1,82337e+001	 5,34216e-001
252	 3,1375000000e+001	-1,82019e+001	 5,40266e-001
253	 3,1500000000e+001	-1,81317e+001	 5,44214e-001
254	 3,1625000000e+001	-1,81226e+001	 5,38562e-001
255	 3,1750000000e+001	-1,80673e+001	 5,47452e-001
256	 3,1875000000e+001	-1,80197e+001	 5,41326e-001
257	 3,2000000000e+001	-1,79993e+001	 5,36928e-001
258	 3,2125000000e+001	-1,79553e+001	 5,22538e-001
259	 3,2250000000e+001	-1,79148e+001	 4,99464e-001
260	 3,2375000000e+001	-1,78750e+001	 4,97460e-001
261	 3,2500000000e+001	-1,78447e+001	 4,98588e-001
262	 3,2625000000e+001	-1,78009e+001	 4,81925e-001
263	 3,2750000000e+001	-1,77828e+001	 4,79949e-001
264	 3,2875000000e+001	-1,77358e+001	 4,61141e-001
265	 3,3000000000e+001	-1,77005e+001	 4,62919e-001
266	 3,3125000000e+001	-1,76873e+001	 4,66029e-001
267	 3,3250000000e+001	-1,76121e+001	 4,47188e-001
268	 3,3375000000e+001	-1,75943e+001	 4,43802e-001
269	 3,3500000000e+001	-1,75670e+001	 4,50783e-001
270	 3,3625000000e+001	-1,75030e+001	 4,03940e-001
271	 3,3750000000e+001	-1,75067e+001	 4,45210e-001
272	 3,3875000000e+001	-1,74967e+001	 4,59085e-001
273	 3,4000000000e+001	-1,74578e+001	 4,52118e-001
274	 3,4125000000e+001	-1,74451e+001	 4,49589e-001
275	 3,4250000000e+001	-1,73945e+001	 4,37758e-001
276	 3,4375000000e+001	-1,73646e+001	 4,31328e-001
277	 3,4500000000e+001	-1,73579e+001	 4,45914e-001
278	 3,4625000000e+001	-1,73349e+001	 4,38453e-001
279	 3,4750000000e+001	-1,72780e+001	 4,37654e-001
280	 3,4875000000e+001	-1,72528e+001	 4,57215e-001
281	 3,5000000000e+001	-1,71907e+001	 4,57237e-001
282	 3,5125000000e+001	-1,71437e+001	 4,20663e-001
283	 3,5250000000e+001	-1,71197e+001	 4,27248e-001
284	 3,5375000000e+001	-1,70900e+001	 4,34070e-001
285	 3,5500000000e+001	-1,70665e+001	 4,40851e-001
286	 3,5625000000e+001	-1,70392e+001	 4,30075e-001
287	 3,5750000000e+001	-1,70176e+001	 4,34415e-001
288	 3,5875000000e+001	-1,69733e+001	 4,19353e-001
289	 3,6000000000e+001	-1,69354e+001	 4,17641e-001
290	 3,6125000000e+001	-1,68937e+001	 4,18701e-001
291	 3,6250000000e+001	-1,68646e+001	 4,22219e-001
292	 3,6375000000e+001	-1,68242e+001	 4,27585e-001
293	 3,6500000000e+001	-1,68092e+001	 4,17121e-001
294	 3,6625000000e+001	-1,67788e+001	 4,05759e-001
295	 3,6750000000e+001	-1,67262e+001	 4,27001e-001
296	 3,6875000000e+001	-1,67042e+001	 4,37686e-001
297	 3,7000000000e+001	-1,66500e+001	 4,18632e-001
298	 3,7125000000e+001	-1,66039e+001	 3,99534e-001
299	 3,7250000000e+001	-1,65750e+001	 4,09131e-001
300	 3,7375000000e+001	-1,65498e+001	 4,09210e-001
301	 3,7500000000e+001	-1,65217e+001	 3,97123e-001
302	 3,7625000000e+001	-1,64955e+001	 3,99046e-001
303	 3,7750000000e+001	-1,64529e+001	 3,92427e-001
304	 3,7875000000e+001	-1,64273e+001	 3,97529e-001
305	 3,8000000000e+001	-1,63925e+001	 4,04682e-001
306	 3,8125000000e+001	-1,63502e+001	 3,78161e-001
307	 3,8250000000e+001	-1,63234e+001	 3,86132e-001
308	 3,8375000000e+001	-1,62708e+001	 4,07578e-001
309	 3,8500000000e+001	-1,62450e+001	 3,94470e-001
310	 3,8625000000e+001	-1,62142e+001	 3,96231e-001
311	 3,8750000000e+001	-1,61798e+001	 3,72527e-001
312	 3,8875000000e+001	-1,61574e+001	 3,93340e-001
313	 3,9000000000e+001	-1,61231e+001	 3,83998e-001
314	 3,9125000000e+001	-1,60875e+001	 3,98104e-001
315	 3,9250000000e+001	-1,60210e+001	 4,17141e-001
316	 3,9375000000e+001	-1,59949e+001	 3,90672e-001
317	 3,9500000000e+001	-1,59799e+001	 3,85892e-001
318	 3,9625000000e+001	-1,59212e+001	 3,86187e-001
319	 3,9750000000e+001	-1,59089e+001	 3,83357e-001
320	 3,9875000000e+001	-1,58813e+001	 3,95073e-001
321	 4,0000000000e+001	-1,58073e+001	 3,84271e-001
322	 4,0125000000e+001	-1,57982e+001	 3,71420e-001
323	 4,0250000000e+001	-1,57477e+001	 3,85457e-001
324	 4,0375000000e+001	-1,57379e+001	 3,88176e-001
325	 4,0500000000e+001	-1,56825e+001	 3,79599e-001
326	 4,0625000000e+001	-1,56380e+001	 3,70723e-001
327	 4,0750000000e+001	-1,56215e+001	 3,64161e-001
328	 4,0875000000e+001	-1,55732e+001	 3,70266e-001
329	 4,1000000000e+001	-1,55447e+001	 3,64968e-001
330	 4,1125000000e+001	-1,54834e+001	 3,69257e-001
331	 4,1250000000e+001	-1,54482e+001	 3,44221e-001
332	 4,1375000000e+001	-1,54294e+001	 3,80570e-001
333	 4,1500000000e+001	-1,54162e+001	 3,77676e-001
334	 4,1625000000e+001	-1,53620e+001	 3,68004e-001
335	 4,1750000000e+001	-1,52861e+001	 3,41974e-001
336	 4,1875000000e+001	-1,52708e+001	 3,53703e-001
337	 4,2000000000e+001	-1,52575e+001	 3,51841e-001
338	 4,2125000000e+001	-1,52011e+001	 3,49443e-001
339	 4,2250000000e+001	-1,51810e+001	 3,49308e-001
340	 4,2375000000e+001	-1,51166e+001	 3,45588e-001
341	 4,2500000000e+001	-1,50864e+001	 3,51114e-001
342	 4,2625000000e+001	-1,50202e+001	 3,44604e-001
343	 4,2750000000e+001	-1,49878e+001	 3,35249e-001
344	 4,2875000000e+001	-1,49750e+001	 3,50785e-001
345	 4,3000000000e+001	-1,49209e+001	 3,40177e-001
346	 4,3125000000e+001	-1,48638e+001	 3,35956e-001
347	 4,3250000000e+001	-1,48544e+001	 3,44330e-001
348	 4,3375000000e+001	-1,48168e+001	 3,42397e-001
349	 4,3500000000e+001	-1,47589e+001	 3,57211e-001
350	 4,3625000000e+001	-1,47163e+001	 3,65095e-001
351	 4,3750000000e+001	-1,46874e+001	 3,60698e-001
352	 4,3875000000e+001	-1,45981e+001	 3,57090e-001
353	 4,4000000000e+001	-1,45449e+001	 3,80113e-001
354	 4,4125000000e+001	-1,45219e+001	 3,39968e-001
355	 4,4250000000e+001	-1,44511e+001	 3,35272e-001
356	 4,4375000000e+001	-1,44387e+001	 3,38477e-001
357	 4,4500000000e+001	-1,44183e+001	 3,33522e-001
358	 4,4625000000e+001	-1,43608e+001	 3,24226e-001
359	 4,4750000000e+001	-1,43376e+001	 3,24541e-001
360	 4,4875000000e+001	-1,42743e+001	 3,26351e-001
361	 4,5000000000e+001	-1,42371e+001	 3,30282e-001
362	 4,5125000000e+001	-1,41928e+001	 3,43528e-001
363	 4,5250000000e+001	-1,41126e+001	 3,02687e-001
364	 4,5375000000e+001	-1,41089e+001	 2,89642e-001
365	 4,5500000000e+001	-1,40463e+001	 2,89612e-001
366	 4,5625000000e+001	-1,40148e+001	 2,96250e-001
367	 4,5750000000e+001	-1,39329e+001	 2,94971e-001
368	 4,5875000000e+001	-1,38965e+001	 3,05758e-001
369	 4,6000000000e+001	-1,38692e+001	 3,04018e-001
370	 4,6125000000e+001	-1,37873e+001	 2,84529e-001
371	 4,6250000000e+001	-1,37516e+001	 2,81166e-001
372	 4,6375000000e+001	-1,36944e+001	 2,83176e-001
373	 4,6500000000e+001	-1,36533e+001	 2,89075e-001
374	 4,6625000000e+001	-1,36294e+001	 2,90207e-001
375	 4,6750000000e+001	-1,35662e+001	 2,99799e-001
376	 4,6875000000e+001	-1,35292e+001	 3,10231e-001
377	 4,7000000000e+001	-1,34575e+001	 2,76395e-001
378	 4,7125000000e+001	-1,34164e+001	 2,64699e-001
379	 4,7250000000e+001	-1,33756e+001	 2,82533e-001
380	 4,7375000000e+001	-1,32935e+001	 2,69624e-001
381	 4,7500000000e+001	-1,32207e+001	 2,60076e-001
382	 4,7625000000e+001	-1,31944e+001	 2,78626e-001
383	 4,7750000000e+001	-1,31441e+001	 2,77010e-001
384	 4,7875000000e+001	-1,30578e+001	 2,60708e-001
385	 4,8000000000e+001	-1,30442e+001	 2,56901e-001
386	 4,8125000000e+001	-1,29981e+001	 2,46581e-001
387	 4,8250000000e+001	-1,28901e+001	 2,83236e-001
388	 4,8375000000e+001	-1,28613e+001	 2,68851e-001
389	 4,8500000000e+001	-1,28024e+001	 2,40312e-001
390	 4,8625000000e+001	-1,27231e+001	 2,49802e-001
391	 4,8750000000e+001	-1,26767e+001	 2,51976e-001
392	 4,8875000000e+001	-1,26160e+001	 2,54580e-001
393	 4,9000000000e+001	-1,25398e+001	 2,59318e-001
394	 4,9125000000e+001	-1,24768e+001	 2,46618e-001
395	 4,9250000000e+001	-1,24143e+001	 2,14967e-001
396	 4,9375000000e+001	-1,23821e+001	 2,48278e-001
397	 4,9500000000e+001	-1,23021e+001	 2,38238e-001
398	 4,9625000000e+001	-1,22590e+001	 2,29256e-001
399	 4,9750000000e+001	-1,21978e+001	 2,26944e-001
400	 4,9875000000e+001	-1,21120e+001	 1,90845e-001
401	 5,0000000000e+001	-1,20432e+001	 1,76781e-001
402	 5,0125000000e+001	-1,19801e+001	 2,00678e-001
403	 5,0250000000e+001	-1,19093e+001	 2,01525e-001
404	 5,0375000000e+001	-1,18374e+001	 1,76653e-001
405	 5,0500000000e+001	-1,17686e+001	 1,62399e-001
406	 5,0625000000e+001	-1,17174e+001	 1,69782e-001
407	 5,0750000000e+001	-1,16043e+001	 1,45944e-001
408	 5,0875000000e+001	-1,15365e+001	 1,31251e-001
409	 5,1000000000e+001	-1,14781e+001	 1,39201e-001
410	 5,1125000000e+001	-1,14226e+001	 1,14168e-001
411	 5,1250000000e+001	-1,13457e+001	 1,12773e-001
412	 5,1375000000e+001	-1,13061e+001	 1,05699e-001
413	 5,1500000000e+001	-1,12161e+001	 9,42612e-002
414	 5,1625000000e+001	-1,11650e+001	 9,62794e-002
415	 5,1750000000e+001	-1,11107e+001	 9,40610e-002
416	 5,1875000000e+001	-1,10127e+001	 1,03601e-001
417	 5,2000000000e+001	-1,09304e+001	 6,12368e-002
418	 5,2125000000e+001	-1,08932e+001	 6,59400e-002
419	 5,2250000000e+001	-1,07976e+001	 5,38731e-002
420	 5,2375000000e+001	-1,06986e+001	 4,23774e-002
421	 5,2500000000e+001	-1,06269e+001	 4,31658e-002
422	 5,2625000000e+001	-1,05682e+001	 6,37909e-002
423	 5,2750000000e+001	-1,04911e+001	 5,22169e-002
424	 5,2875000000e+001	-1,04085e+001	 5,03431e-002
425	 5,3000000000e+001	-1,02965e+001	 3,83247e-002
426	 5,3125000000e+001	-1,02355e+001	 4,79799e-002
427	 5,3250000000e+001	-1,01294e+001	 5,26966e-002
428	 5,3375000000e+001	-1,00290e+001	 1,14069e-002
429	 5,3500000000e+001	-9,98300e+000	-6,17502e-003
430	 5,3625000000e+001	-9,87845e+000	 2,15005e-002
431	 5,3750000000e+001	-9,84703e+000	 1,30239e-002
432	 5,3875000000e+001	-9,71096e+000	 3,52820e-002
433	 5,4000000000e+001	-9,57961e+000	 2,54378e-002
434	 5,4125000000e+001	-9,49957e+000	 9,32556e-004
435	 5,4250000000e+001	-9,42633e+000	-2,71948e-002
436	 5,4375000000e+001	-9,38394e+000	-2,79273e-002
437	 5,4500000000e+001	-9,17926e+000	-2,19649e-002
438	 5,4625000000e+001	-9,05437e+000	-4,40897e-002
439	 5,4750000000e+001	-9,02150e+000	-3,36260e-002
440	 5,4875000000e+001	-8,93357e+000	-8,34689e-003
441	 5,5000000000e+001	-8,80773e+000	-8,21403e-002
442	 5,5125000000e+001	-8,71576e+000	-8,58803e-002
443	 5,5250000000e+001	-8,57261e+000	-9,45960e-002
444	 5,5375000000e+001	-8,44090e+000	-6,30320e-002
445	 5,5500000000e+001	-8,42253e+000	-5,26775e-002
446	 5,5625000000e+001	-8,25201e+000	-9,19903e-002
447	 5,5750000000e+001	-8,10831e+000	-1,08420e-001
448	 5,5875000000e+001	-7,97833e+000	-7,76546e-002
449	 5,6000000000e+001	-7,87559e+000	-7,30990e-002
450	 5,6125000000e+001	-7,79991e+000	-7,43574e-002
451	 5,6250000000e+001	-7,65724e+000	-7,43382e-002
452	 5,6375000000e+001	-7,52110e+000	-1,16036e-001
453	 5,6500000000e+001	-7,44686e+000	-1,40815e-001
454	 5,6625000000e+001	-7,19942e+000	-1,40877e-001
455	 5,6750000000e+001	-7,06781e+000	-1,67584e-001
456	 5,6875000000e+001	-7,01429e+000	-1,69713e-001
457	 5,7000000000e+001	-6,88386e+000	-1,95246e-001
458	 5,7125000000e+001	-6,74529e+000	-1,99964e-001
459	 5,7250000000e+001	-6,59374e+000	-1,90420e-001
460	 5,7375000000e+001	-6,45169e+000	-2,08695e-001
461	 5,7500000000e+001	-6,29161e+000	-1,84584e-001
462	 5,7625000000e+001	-6,16407e+000	-2,41441e-001
463	 5,7750000000e+001	-5,98645e+000	-2,30043e-001
464	 5,7875000000e+001	-5,82237e+000	-2,64558e-001
465	 5,8000000000e+001	-5,66981e+000	-2,48686e-001
466	 5,8125000000e+001	-5,55466e+000	-2,99991e-001
467	 5,8250000000e+001	-5,35803e+000	-2,79715e-001
468	 5,8375000000e+001	-5,20717e+000	-2,72922e-001
469	 5,8500000000e+001	-5,01653e+000	-3,50570e-001
470	 5,8625000000e+001	-4,87706e+000	-3,55642e-001
471	 5,8750000000e+001	-4,67660e+000	-2,93147e-001
472	 5,8875000000e+001	-4,36319e+000	-3,79066e-001
473	 5,9000000000e+001	-4,32227e+000	-3,65671e-001
474	 5,9125000000e+001	-4,19284e+000	-3,54566e-001
475	 5,9250000000e+001	-3,86897e+000	-4,11465e-001
476	 5,9375000000e+001	-3,75175e+000	-4,13425e-001
477	 5,9500000000e+001	-3,55612e+000	-4,12475e-001
478	 5,9625000000e+001	-3,25126e+000	-4,70820e-001
479	 5,9750000000e+001	-3,13521e+000	-4,74090e-001
480	 5,9875000000e+001	-2,85252e+000	-5,04418e-001
481	 6,0000000000e+001	-2,65467e+000	-5,12472e-001
482	 6,0125000000e+001	-2,45847e+000	-5,36485e-001
483	 6,0250000000e+001	-2,30283e+000	-5,22859e-001
484	 6,0375000000e+001	-1,96119e+000	-5,50546e-001
485	 6,0500000000e+001	-1,88606e+000	-5,88810e-001
486	 6,0625000000e+001	-1,33384e+000	-6,69481e-001
487	 6,0750000000e+001	-1,27172e+000	-6,32173e-001
488	 6,0875000000e+001	-8,99060e-001	-6,69524e-001
489	 6,1000000000e+001	-7,03677e-001	-7,16311e-001
490	 6,1125000000e+001	-5,04623e-001	-7,31329e-001
491	 6,1250000000e+001	-1,26907e-001	-8,09583e-001
492	 6,1375000000e+001	 9,39996e-002	-8,05914e-001
493	 6,1500000000e+001	 4,34924e-001	-8,01812e-001
494	 6,1625000000e+001	 6,52197e-001	-8,74830e-001
495	 6,1750000000e+001	 1,11718e+000	-8,63529e-001
496	 6,1875000000e+001	 1,47011e+000	-9,40305e-001
497	 6,2000000000e+001	 1,64278e+000	-9,97971e-001
498	 6,2125000000e+001	 1,96160e+000	-1,01938e+000
499	 6,2250000000e+001	 2,42137e+000	-1,06424e+000
500	 6,2375000000e+001	 2,68765e+000	-1,06951e+000
501	 6,2500000000e+001	 3,10662e+000	-1,17444e+000
502	 6,2625000000e+001	 3,39532e+000	-1,26104e+000
503	 6,2750000000e+001	 3,81612e+000	-1,26573e+000
504	 6,2875000000e+001	 4,24714e+000	-1,21528e+000
505	 6,3000000000e+001	 4,69208e+000	-1,41233e+000
506	 6,3125000000e+001	 5,03000e+000	-1,39443e+000
507	 6,3250000000e+001	 5,42489e+000	-1,59952e+000
508	 6,3375000000e+001	 5,96434e+000	-1,62059e+000
509	 6,3500000000e+001	 6,51699e+000	-1,74106e+000
510	 6,3625000000e+001	 7,09196e+000	-1,74481e+000
511	 6,3750000000e+001	 7,33796e+000	-1,78859e+000
512	 6,3875000000e+001	 7,97730e+000	-1,87361e+000
513	 6,4000000000e+001	 8,33057e+000	-1,94980e+000
514	 6,4125000000e+001	 9,26220e+000	-2,11315e+000
515	 6,4250000000e+001	 9,53513e+000	-2,18477e+000
516	 6,4375000000e+001	 1,03397e+001	-2,26839e+000
517	 6,4500000000e+001	 1,10474e+001	-2,41286e+000
518	 6,4625000000e+001	 1,14251e+001	-2,41027e+000
519	 6,4750000000e+001	 1,23002e+001	-2,68481e+000
520	 6,4875000000e+001	 1,27843e+001	-2,70484e+000
521	 6,5000000000e+001	 1,37867e+001	-2,95550e+000
522	 6,5125000000e+001	 1,43595e+001	-3,22465e+000
523	 6,5250000000e+001	 1,50031e+001	-3,39152e+000
524	 6,5375000000e+001	 1,57629e+001	-3,79347e+000
525	 6,5500000000e+001	 1,71794e+001	-3,94647e+000
526	 6,5625000000e+001	 1,75262e+001	-3,94206e+000
527	 6,5750000000e+001	 1,85340e+001	-4,11269e+000
528	 6,5875000000e+001	 1,98505e+001	-4,80950e+000
529	 6,6000000000e+001	 2,05135e+001	-4,94087e+000
530	 6,6125000000e+001	 2,15163e+001	-5,17303e+000
531	 6,6250000000e+001	 2,31431e+001	-5,62142e+000
532	 6,6375000000e+001	 2,35855e+001	-5,81815e+000
533	 6,6500000000e+001	 2,58362e+001	-6,68068e+000
534	 6,6625000000e+001	 2,65055e+001	-7,06214e+000
535	 6,6750000000e+001	 2,79199e+001	-7,58937e+000
536	 6,6875000000e+001	 2,90196e+001	-7,59077e+000
537	 6,7000000000e+001	 3,11432e+001	-9,11079e+000
538	 6,7125000000e+001	 3,14538e+001	-9,10018e+000
539	 6,7250000000e+001	 3,29576e+001	-9,93916e+000
540	 6,7375000000e+001	 3,42560e+001	-1,09126e+001
541	 6,7500000000e+001	 3,58069e+001	-1,26893e+001
542	 6,7625000000e+001	 3,63444e+001	-1,24305e+001
543	 6,7750000000e+001	 3,74912e+001	-1,23977e+001
544	 6,7875000000e+001	 3,95537e+001	-1,25134e+001
545	 6,8000000000e+001	 4,20070e+001	-1,25677e+001
546	 6,8125000000e+001	 4,43229e+001	-1,19042e+001
547	 6,8250000000e+001	 4,73517e+001	-1,20388e+001
548	 6,8375000000e+001	 5,33943e+001	-1,30729e+001
549	 6,8500000000e+001	 5,63355e+001	-1,49217e+001
550	 6,8625000000e+001	 5,94822e+001	-1,55059e+001
551	 6,8750000000e+001	 6,61440e+001	-1,81119e+001
552	 6,8875000000e+001	 6,90931e+001	-1,97952e+001
553	 6,9000000000e+001	 7,17808e+001	-2,23878e+001
554	 6,9125000000e+001	 8,23124e+001	-2,71441e+001
555	 6,9250000000e+001	 8,73265e+001	-2,99649e+001
556	 6,9375000000e+001	 9,11924e+001	-3,20535e+001
557	 6,9500000000e+001	 1,04064e+002	-4,39082e+001
558	 6,9625000000e+001	 1,11836e+002	-4,84656e+001
559	 6,9750000000e+001	 1,15133e+002	-5,24191e+001
560	 6,9875000000e+001	 1,34713e+002	-6,90420e+001
561	 7,0000000000e+001	 1,41591e+002	-7,59539e+001
562	 7,0125000000e+001	 1,52484e+002	-9,22595e+001
563	 7,0250000000e+001	 1,71360e+002	-1,21570e+002
564	 7,0375000000e+001	 1,87534e+002	-1,53808e+002
565	 7,0500000000e+001	 1,97758e+002	-1,74265e+002
566	 7,0625000000e+001	 1,92019e+002	-2,61806e+002
567	 7,0750000000e+001	 1,80572e+002	-3,36977e+002
568	 7,0875000000e+001	 1,19407e+002	-3,73736e+002
569	 7,1000000000e+001	 2,75646e+001	-4,12322e+002
570	 7,1125000000e+001	-6,78583e+001	-4,03078e+002
571	 7,1250000000e+001	-1,62195e+002	-3,43193e+002
572	 7,1375000000e+001	-2,42678e+002	-2,75230e+002
573	 7,1500000000e+001	-2,56932e+002	-2,13999e+002
574	 7,1625000000e+001	-2,44158e+002	-1,75907e+002
575	 7,1750000000e+001	-2,46913e+002	-1,34993e+002
576	 7,1875000000e+001	-2,14022e+002	-1,01498e+002
577	 7,2000000000e+001	-2,02818e+002	-8,28780e+001
578	 7,2125000000e+001	-1,86599e+002	-6,07890e+001
579	 7,2250000000e+001	-1,74765e+002	-4,86622e+001
580	 7,2375000000e+001	-1,62613e+002	-4,18991e+001
581	 7,2500000000e+001	-1,55119e+002	-3,75960e+001
582	 7,2625000000e+001	-1,43739e+002	-3,23349e+001
583	 7,2750000000e+001	-1,37437e+002	-3,17288e+001
584	 7,2875000000e+001	-1,28256e+002	-2,53238e+001
585	 7,3000000000e+001	-1,22198e+002	-2,23166e+001
586	 7,3125000000e+001	-1,19148e+002	-1,94853e+001
587	 7,3250000000e+001	-1,12986e+002	-1,41691e+001
588	 7,3375000000e+001	-1,08815e+002	-1,29722e+001
589	 7,3500000000e+001	-1,02937e+002	-1,12575e+001
590	 7,3625000000e+001	-9,93935e+001	-1,13310e+001
591	 7,3750000000e+001	-9,78417e+001	-1,03197e+001
592	 7,3875000000e+001	-9,33577e+001	-8,91614e+000
593	 7,4000000000e+001	-9,13384e+001	-8,35523e+000
594	 7,4125000000e+001	-8,86897e+001	-7,39681e+000
595	 7,4250000000e+001	-8,55538e+001	-5,81914e+000
596	 7,4375000000e+001	-8,24312e+001	-6,38505e+000
597	 7,4500000000e+001	-8,02051e+001	-5,99065e+000
598	 7,4625000000e+001	-7,98478e+001	-5,57771e+000
599	 7,4750000000e+001	-7,77060e+001	-5,00824e+000
600	 7,4875000000e+001	-7,48041e+001	-4,65634e+000
601	 7,5000000000e+001	-7,37874e+001	-4,52525e+000
602	 7,5125000000e+001	-7,22391e+001	-4,25285e+000
603	 7,5250000000e+001	-7,10354e+001	-4,04499e+000
604	 7,5375000000e+001	-6,86742e+001	-3,75614e+000
605	 7,5500000000e+001	-6,80395e+001	-3,19200e+000
606	 7,5625000000e+001	-6,69144e+001	-2,60443e+000
607	 7,5750000000e+001	-6,49102e+001	-2,60113e+000
608	 7,5875000000e+001	-6,45293e+001	-2,39913e+000
609	 7,6000000000e+001	-6,27175e+001	-2,66794e+000
610	 7,6125000000e+001	-6,20750e+001	-2,46038e+000
611	 7,6250000000e+001	-6,11735e+001	-2,03934e+000
612	 7,6375000000e+001	-6,08169e+001	-2,04086e+000
613	 7,6500000000e+001	-5,90264e+001	-1,52254e+000
614	 7,6625000000e+001	-5,85807e+001	-1,76728e+000
615	 7,6750000000e+001	-5,75836e+001	-1,69145e+000
616	 7,6875000000e+001	-5,67884e+001	-1,70145e+000
617	 7,7000000000e+001	-5,59668e+001	-1,46619e+000
618	 7,7125000000e+001	-5,53063e+001	-1,19025e+000
619	 7,7250000000e+001	-5,51710e+001	-9,95882e-001
620	 7,7375000000e+001	-5,43246e+001	-1,13466e+000
621	 7,7500000000e+001	-5,37450e+001	-1,15959e+000
622	 7,7625000000e+001	-5,32965e+001	-1,03737e+000
623	 7,7750000000e+001	-5,27072e+001	-1,14894e+000
624	 7,7875000000e+001	-5,15919e+001	-1,03054e+000
625	 7,8000000000e+001	-5,10060e+001	-7,86395e-001
626	 7,8125000000e+001	-5,07569e+001	-8,83265e-001
627	 7,8250000000e+001	-5,03487e+001	-8,59697e-001
628	 7,8375000000e+001	-4,99072e+001	-6,71897e-001
629	 7,8500000000e+001	-4,92399e+001	-8,91856e-001
630	 7,8625000000e+001	-4,86219e+001	-6,94823e-001
631	 7,8750000000e+001	-4,82113e+001	-6,24955e-001
632	 7,8875000000e+001	-4,78994e+001	-5,75202e-001
633	 7,9000000000e+001	-4,74151e+001	-5,77894e-001
634	 7,9125000000e+001	-4,72007e+001	-4,60710e-001
635	 7,9250000000e+001	-4,66872e+001	-3,67953e-001
636	 7,9375000000e+001	-4,65454e+001	-4,67052e-001
637	 7,9500000000e+001	-4,60565e+001	-4,79998e-001
638	 7,9625000000e+001	-4,55625e+001	-3,71058e-001
639	 7,9750000000e+001	-4,50059e+001	-4,23234e-001
640	 7,9875000000e+001	-4,48522e+001	-3,26811e-001
641	 8,0000000000e+001	-4,45949e+001	-3,00691e-001
642	 8,0125000000e+001	-4,42869e+001	-2,46339e-001
643	 8,0250000000e+001	-4,37991e+001	-3,44168e-001
644	 8,0375000000e+001	-4,35641e+001	-2,44100e-001
645	 8,0500000000e+001	-4,33932e+001	-1,91118e-001
646	 8,0625000000e+001	-4,30367e+001	-1,91578e-001
647	 8,0750000000e+001	-4,28778e+001	-1,42865e-001
648	 8,0875000000e+001	-4,25726e+001	 4,20960e-002
649	 8,1000000000e+001	-4,22881e+001	 2,65528e-002
650	 8,1125000000e+001	-4,19285e+001	-4,90988e-002
651	 8,1250000000e+001	-4,15886e+001	-7,48386e-002
652	 8,1375000000e+001	-4,14678e+001	-6,65007e-002
653	 8,1500000000e+001	-4,11350e+001	-5,87835e-002
654	 8,1625000000e+001	-4,09165e+001	 8,95444e-003
655	 8,1750000000e+001	-4,08580e+001	 1,25059e-002
656	 8,1875000000e+001	-4,04961e+001	 6,75121e-003
657	 8,2000000000e+001	-4,01945e+001	-5,22129e-002
658	 8,2125000000e+001	-4,00172e+001	-2,01991e-002
659	 8,2250000000e+001	-3,99255e+001	-7,78210e-003
660	 8,2375000000e+001	-3,96538e+001	 6,11637e-002
661	 8,2500000000e+001	-3,94094e+001	-2,96747e-002
662	 8,2625000000e+001	-3,92364e+001	-1,90838e-002
663	 8,2750000000e+001	-3,89691e+001	 1,27089e-001
664	 8,2875000000e+001	-3,88698e+001	 7,98791e-002
665	 8,3000000000e+001	-3,87198e+001	 5,83555e-002
666	 8,3125000000e+001	-3,85005e+001	 1,22479e-001
667	 8,3250000000e+001	-3,82258e+001	 9,62119e-002
668	 8,3375000000e+001	-3,80744e+001	 1,18217e-001
669	 8,3500000000e+001	-3,78886e+001	 1,10415e-001
670	 8,3625000000e+001	-3,77707e+001	 9,33437e-002
671	 8,3750000000e+001	-3,76720e+001	 9,26022e-002
672	 8,3875000000e+001	-3,74841e+001	 1,15161e-001
673	 8,4000000000e+001	-3,73084e+001	 1,34164e-001
674	 8,4125000000e+001	-3,71109e+001	 1,35573e-001
675	 8,4250000000e+001	-3,69684e+001	 1,47238e-001
676	 8,4375000000e+001	-3,68419e+001	 1,47636e-001
677	 8,4500000000e+001	-3,67174e+001	 1,77690e-001
678	 8,4625000000e+001	-3,65851e+001	 1,95805e-001
679	 8,4750000000e+001	-3,63535e+001	 1,74631e-001
680	 8,4875000000e+001	-3,62969e+001	 1,91890e-001
681	 8,5000000000e+001	-3,61351e+001	 1,90180e-001
682	 8,5125000000e+001	-3,58948e+001	 1,81685e-001
683	 8,5250000000e+001	-3,58337e+001	 2,17022e-001
684	 8,5375000000e+001	-3,57656e+001	 2,20466e-001
685	 8,5500000000e+001	-3,56133e+001	 2,11833e-001
686	 8,5625000000e+001	-3,54113e+001	 2,40887e-001
687	 8,5750000000e+001	-3,53260e+001	 2,12463e-001
688	 8,5875000000e+001	-3,52217e+001	 2,36105e-001
689	 8,6000000000e+001	-3,50588e+001	 2,73389e-001
690	 8,6125000000e+001	-3,48869e+001	 2,75262e-001
691	 8,6250000000e+001	-3,48492e+001	 2,82369e-001
692	 8,6375000000e+001	-3,46990e+001	 2,09293e-001
693	 8,6500000000e+001	-3,46767e+001	 2,13974e-001
694	 8,6625000000e+001	-3,45944e+001	 2,43802e-001
695	 8,6750000000e+001	-3,44133e+001	 2,63478e-001
696	 8,6875000000e+001	-3,42058e+001	 2,53484e-001
697	 8,7000000000e+001	-3,41660e+001	 2,42159e-001
698	 8,7125000000e+001	-3,40886e+001	 2,98077e-001
699	 8,7250000000e+001	-3,39670e+001	 2,51465e-001
700	 8,7375000000e+001	-3,38055e+001	 2,60729e-001
701	 8,7500000000e+001	-3,37517e+001	 2,66202e-001
702	 8,7625000000e+001	-3,37116e+001	 2,64557e-001
703	 8,7750000000e+001	-3,36325e+001	 2,56848e-001
704	 8,7875000000e+001	-3,34504e+001	 2,63262e-001
705	 8,8000000000e+001	-3,33810e+001	 2,56063e-001
706	 8,8125000000e+001	-3,32819e+001	 2,65421e-001
707	 8,8250000000e+001	-3,32010e+001	 2,83560e-001
708	 8,8375000000e+001	-3,30998e+001	 2,82281e-001
709	 8,8500000000e+001	-3,30282e+001	 2,62065e-001
710	 8,8625000000e+001	-3,29102e+001	 2,75882e-001
711	 8,8750000000e+001	-3,28218e+001	 2,88750e-001
712	 8,8875000000e+001	-3,27304e+001	 2,82188e-001
713	 8,9000000000e+001	-3,26836e+001	 3,04763e-001
714	 8,9125000000e+001	-3,26147e+001	 2,84418e-001
715	 8,9250000000e+001	-3,25264e+001	 2,87447e-001
716	 8,9375000000e+001	-3,24056e+001	 2,97789e-001
717	 8,9500000000e+001	-3,23286e+001	 2,97250e-001
718	 8,9625000000e+001	-3,22677e+001	 2,94992e-001
719	 8,9750000000e+001	-3,21887e+001	 3,20949e-001
720	 8,9875000000e+001	-3,21217e+001	 2,98219e-001
721	 9,0000000000e+001	-3,20434e+001	 2,72719e-001
722	 9,0125000000e+001	-3,19697e+001	 2,91770e-001
723	 9,0250000000e+001	-3,18457e+001	 3,31347e-001
724	 9,0375000000e+001	-3,18055e+001	 2,84570e-001
725	 9,0500000000e+001	-3,17538e+001	 2,99866e-001
726	 9,0625000000e+001	-3,16779e+001	 3,08679e-001
727	 9,0750000000e+001	-3,15667e+001	 2,97070e-001
728	 9,0875000000e+001	-3,15200e+001	 3,18998e-001
729	 9,1000000000e+001	-3,14675e+001	 3,05182e-001
730	 9,1125000000e+001	-3,13911e+001	 2,96291e-001
731	 9,1250000000e+001	-3,13448e+001	 2,98817e-001
732	 9,1375000000e+001	-3,12314e+001	 3,07573e-001
733	 9,1500000000e+001	-3,11837e+001	 3,01312e-001
734	 9,1625000000e+001	-3,11356e+001	 3,09010e-001
735	 9,1750000000e+001	-3,10686e+001	 3,17091e-001
736	 9,1875000000e+001	-3,10327e+001	 3,12959e-001
737	 9,2000000000e+001	-3,09486e+001	 3,23942e-001
738	 9,2125000000e+001	-3,08742e+001	 3,41205e-001
739	 9,2250000000e+001	-3,08225e+001	 3,30405e-001
740	 9,2375000000e+001	-3,07387e+001	 3,23972e-001
741	 9,2500000000e+001	-3,07085e+001	 3,09872e-001
742	 9,2625000000e+001	-3,06643e+001	 3,05033e-001
743	 9,2750000000e+001	-3,05660e+001	 3,14882e-001
744	 9,2875000000e+001	-3,05200e+001	 3,26550e-001
745	 9,3000000000e+001	-3,04881e+001	 3,21978e-001
746	 9,3125000000e+001	-3,04131e+001	 3,19843e-001
747	 9,3250000000e+001	-3,03584e+001	 3,20357e-001
748	 9,3375000000e+001	-3,03118e+001	 3,42918e-001
749	 9,3500000000e+001	-3,02292e+001	 3,43190e-001
750	 9,3625000000e+001	-3,01990e+001	 3,31457e-001
751	 9,3750000000e+001	-3,01630e+001	 3,39580e-001
752	 9,3875000000e+001	-3,01104e+001	 3,84156e-001
753	 9,4000000000e+001	-3,00155e+001	 3,52762e-001
754	 9,4125000000e+001	-2,99745e+001	 3,45540e-001
755	 9,4250000000e+001	-2,99221e+001	 3,49105e-001
756	 9,4375000000e+001	-2,98691e+001	 3,70259e-001
757	 9,4500000000e+001	-2,98330e+001	 3,58208e-001
758	 9,4625000000e+001	-2,97640e+001	 3,60651e-001
759	 9,4750000000e+001	-2,97254e+001	 3,63777e-001
760	 9,4875000000e+001	-2,96821e+001	 3,59495e-001
761	 9,5000000000e+001	-2,96312e+001	 3,47657e-001
762	 9,5125000000e+001	-2,95791e+001	 3,48732e-001
763	 9,5250000000e+001	-2,95011e+001	 3,30467e-001
764	 9,5375000000e+001	-2,94848e+001	 3,53128e-001
765	 9,5500000000e+001	-2,94275e+001	 3,61721e-001
766	 9,5625000000e+001	-2,93557e+001	 3,74427e-001
767	 9,5750000000e+001	-2,93311e+001	 3,94586e-001
768	 9,5875000000e+001	-2,92541e+001	 3,80597e-001
769	 9,6000000000e+001	-2,92030e+001	 3,93487e-001
770	 9,6125000000e+001	-2,91583e+001	 4,20826e-001
771	 9,6250000000e+001	-2,91225e+001	 4,05383e-001
772	 9,6375000000e+001	-2,90819e+001	 3,84437e-001
773	 9,6500000000e+001	-2,90539e+001	 4,06413e-001
774	 9,6625000000e+001	-2,90238e+001	 4,12983e-001
775	 9,6750000000e+001	-2,89417e+001	 4,27549e-001
776	 9,6875000000e+001	-2,89248e+001	 4,19042e-001
777	 9,7000000000e+001	-2,88738e+001	 4,04832e-001
778	 9,7125000000e+001	-2,88083e+001	 4,09404e-001
779	 9,7250000000e+001	-2,87678e+001	 4,04746e-001
780	 9,7375000000e+001	-2,87529e+001	 4,05247e-001
781	 9,7500000000e+001	-2,86795e+001	 4,58939e-001
782	 9,7625000000e+001	-2,86279e+001	 4,53617e-001
783	 9,7750000000e+001	-2,85973e+001	 4,52212e-001
784	 9,7875000000e+001	-2,85385e+001	 4,62381e-001
785	 9,8000000000e+001	-2,84671e+001	 4,74210e-001
786	 9,8125000000e+001	-2,84263e+001	 4,40191e-001
787	 9,8250000000e+001	-2,84064e+001	 4,40396e-001
788	 9,8375000000e+001	-2,83834e+001	 4,37879e-001
789	 9,8500000000e+001	-2,83335e+001	 4,41743e-001
790	 9,8625000000e+001	-2,82785e+001	 4,45733e-001
791	 9,8750000000e+001	-2,82385e+001	 4,37649e-001
792	 9,8875000000e+001	-2,81622e+001	 4,64218e-001
793	 9,9000000000e+001	-2,81176e+001	 4,62532e-001
794	 9,9125000000e+001	-2,80850e+001	 4,57552e-001
795	 9,9250000000e+001	-2,80699e+001	 4,81556e-001
796	 9,9375000000e+001	-2,80013e+001	 4,83958e-001
797	 9,9500000000e+001	-2,79604e+001	 4,53414e-001
798	 9,9625000000e+001	-2,78847e+001	 4,37085e-001
799	 9,9750000000e+001	-2,78217e+001	 4,84554e-001
800	 9,9875000000e+001	-2,77999e+001	 5,09109e-001
801	 1,0000000000e+002	-2,77350e+001	 5,13524e-001
TagsBegin:	 	 	 
OverLoad:	 	False	 
AverageNumber: []	 	 5,00000e+000	 
OverLoadRatio: []	 	 1,19209e-007	 
TagsEnd:	 	 	 
TagScalesBegin:	 	 	 
TagScalesEnd:	 	 	 
