Header Size:	 79	 	 
Pulse Version:	 80	 	 
Running Pulse Version:	PULSE LabShop  Version 18.1.0.28 - 2013-11-23	 	 
Decimal Symbol:	,	 	 
Date Format:	dd.MM.yyyy	 	 
Time Format:	HH:mm:ss:mmm	 	 
Data Type:	Complex	 	 
Slice:	False	 	 
Z-Axis type:	Linear	 	 
Z-Axis size:	1	 	 
Z-Axis unit:	 	 	 
Z-Axis first value:	 0,0000000000e+000	 	 
Z-Axis delta:	 1,0000000000e+000	 	 
X-Axis type:	Linear	 	 
X-Axis size:	801	 	 
X-Axis unit:	Hz	 	 
X-Axis first value:	 0,0000000000e+000	 	 
X-Axis delta:	 1,2500000000e-001	 	 
	 	 	 
AmplitudeUnit:	(m/s²)/N	 	 
Analyzer:	FFT_Spectrum_Averaging	 	 
AnalyzerName:	STS FFT Analyzer	 	 
	 	 	 
	 	 	 
Bipolar:	True	 	 
CenterFrequency:	 5,0000000000e+001	 	 
	 	 	 
	 	 	 
	 	 	 
	 	 	 
	 	 	 
	 	 	 
	 	 	 
	 	 	 
Domain:	1	 	 
Function:	Frequency Response	 	 
	 	 	 
	 	 	 
	 	 	 
	 	 	 
MultiBufferName:	Input	 	 
NBW:	 1,5000000000e+000	 	 
	 	 	 
OverlapFailed:	False	 	 
Overrun:	False	 	 
Power:	False	 	 
	 	 	 
Ratio:	True	 	 
RecordLength:	 8,0000000000e+000	 	 
ReducedSize:	True	 	 
Ref_Signal:	ForceTransducer Ref.	 	 
	 	 	 
	 	 	 
RefSignalUnit:	N	 	 
	 	 	 
	 	 	 
Signal:	4507 B 1-x	 	 
	 	 	 
SignalUnit:	m/s²	 	 
	 	 	 
	 	 	 
	 	 	 
Title:	Frequency Response H1(4507 B 1-x,ForceTransducer Ref.) - STS Measurement 1	 	 
Title1:	STS : STS Measurement 1 : Input : STS FFT Analyzer	 	 
	 	 	 
	 	 	 
	 	 	 
ZoomOn:	False	 	 
	 	 	 
TemplateName:	STS	 	 
MeasurementName:	STS Measurement 1	 	 
MeasurementSlice:	False	 	 
	 	 	 
	 	 	 
	 	 	 
EnvelopeOn:	False	 	 
	 	 	 
	 	 	 
	 	 	 
Z-index:	 	1	 
Date:	 	01.03.2016	 
Time:	 	17:50:00:417	 
Relative time:	 	 0,00000e+000	 
Z-axis:	 	 0,0000000000e+000	 
1	 0,0000000000e+000	 6,89156e+001	-0,00000e+000
2	 1,2500000000e-001	 2,14477e+001	 4,37654e+000
3	 2,5000000000e-001	-1,92146e+000	 6,71125e+000
4	 3,7500000000e-001	-1,18279e+000	-1,60110e+000
5	 5,0000000000e-001	-2,06291e+000	-4,09130e-002
6	 6,2500000000e-001	-1,91534e+000	-3,56414e-001
7	 7,5000000000e-001	 4,81676e-001	-7,93525e-001
8	 8,7500000000e-001	-6,57917e-002	-2,61338e-001
9	 1,0000000000e+000	-6,36187e-002	 2,29243e-002
10	 1,1250000000e+000	 4,91136e-002	-6,04066e-002
11	 1,2500000000e+000	 1,78702e-001	-4,06308e-001
12	 1,3750000000e+000	 3,15834e-001	-3,97383e-001
13	 1,5000000000e+000	 4,49026e-001	-2,77715e-001
14	 1,6250000000e+000	 4,53746e-001	-3,91136e-001
15	 1,7500000000e+000	 5,96776e-001	-1,78193e-001
16	 1,8750000000e+000	 6,56996e-001	-5,16051e-002
17	 2,0000000000e+000	 7,45623e-001	-1,82575e-001
18	 2,1250000000e+000	 8,00150e-001	-2,83854e-001
19	 2,2500000000e+000	 8,55258e-001	-3,36573e-001
20	 2,3750000000e+000	 9,42959e-001	-2,44639e-001
21	 2,5000000000e+000	 1,09859e+000	-3,72771e-001
22	 2,6250000000e+000	 1,32049e+000	-3,60935e-001
23	 2,7500000000e+000	 1,33830e+000	-3,58241e-001
24	 2,8750000000e+000	 1,43304e+000	-3,09611e-001
25	 3,0000000000e+000	 1,50322e+000	-3,68552e-001
26	 3,1250000000e+000	 1,56899e+000	-3,83302e-001
27	 3,2500000000e+000	 1,87933e+000	-4,03733e-001
28	 3,3750000000e+000	 1,98497e+000	-4,56132e-001
29	 3,5000000000e+000	 2,04085e+000	-4,75141e-001
30	 3,6250000000e+000	 2,38386e+000	-4,93378e-001
31	 3,7500000000e+000	 2,42738e+000	-5,12067e-001
32	 3,8750000000e+000	 2,48589e+000	-5,13114e-001
33	 4,0000000000e+000	 2,89151e+000	-5,60967e-001
34	 4,1250000000e+000	 3,04522e+000	-5,78911e-001
35	 4,2500000000e+000	 3,25926e+000	-6,08124e-001
36	 4,3750000000e+000	 3,45017e+000	-6,37152e-001
37	 4,5000000000e+000	 3,70872e+000	-6,74918e-001
38	 4,6250000000e+000	 4,14526e+000	-7,73307e-001
39	 4,7500000000e+000	 4,23675e+000	-7,59334e-001
40	 4,8750000000e+000	 4,46956e+000	-7,92481e-001
41	 5,0000000000e+000	 4,83150e+000	-8,14747e-001
42	 5,1250000000e+000	 4,99915e+000	-8,57389e-001
43	 5,2500000000e+000	 5,40162e+000	-9,89233e-001
44	 5,3750000000e+000	 5,85470e+000	-1,06694e+000
45	 5,5000000000e+000	 6,08217e+000	-1,09938e+000
46	 5,6250000000e+000	 6,31324e+000	-1,10792e+000
47	 5,7500000000e+000	 6,72148e+000	-1,03808e+000
48	 5,8750000000e+000	 7,30697e+000	-1,06193e+000
49	 6,0000000000e+000	 7,66996e+000	-1,06847e+000
50	 6,1250000000e+000	 8,12710e+000	-1,15530e+000
51	 6,2500000000e+000	 8,48376e+000	-1,24214e+000
52	 6,3750000000e+000	 9,12601e+000	-1,43546e+000
53	 6,5000000000e+000	 9,69481e+000	-1,56728e+000
54	 6,6250000000e+000	 1,01639e+001	-1,49275e+000
55	 6,7500000000e+000	 1,07177e+001	-1,21847e+000
56	 6,8750000000e+000	 1,14045e+001	-1,27203e+000
57	 7,0000000000e+000	 1,20665e+001	-1,30345e+000
58	 7,1250000000e+000	 1,29151e+001	-1,55072e+000
59	 7,2500000000e+000	 1,38820e+001	-1,67590e+000
60	 7,3750000000e+000	 1,45561e+001	-2,03461e+000
61	 7,5000000000e+000	 1,54443e+001	-2,05122e+000
62	 7,6250000000e+000	 1,68017e+001	-2,02008e+000
63	 7,7500000000e+000	 1,75672e+001	-2,02110e+000
64	 7,8750000000e+000	 1,83854e+001	-2,23580e+000
65	 8,0000000000e+000	 1,96557e+001	-1,96970e+000
66	 8,1250000000e+000	 2,20822e+001	-2,58358e+000
67	 8,2500000000e+000	 2,24372e+001	-3,05110e+000
68	 8,3750000000e+000	 2,37393e+001	-3,43465e+000
69	 8,5000000000e+000	 2,53485e+001	-3,59432e+000
70	 8,6250000000e+000	 2,72119e+001	-4,02834e+000
71	 8,7500000000e+000	 3,12358e+001	-3,17350e+000
72	 8,8750000000e+000	 3,33205e+001	-3,51336e+000
73	 9,0000000000e+000	 3,47049e+001	-4,26138e+000
74	 9,1250000000e+000	 4,02922e+001	-4,76027e+000
75	 9,2500000000e+000	 4,08242e+001	-3,59934e+000
76	 9,3750000000e+000	 4,54683e+001	-2,53945e+000
77	 9,5000000000e+000	 5,25549e+001	-3,22796e+000
78	 9,6250000000e+000	 5,74310e+001	-4,37230e+000
79	 9,7500000000e+000	 6,02415e+001	-5,46270e+000
80	 9,8750000000e+000	 7,11766e+001	-7,88529e+000
81	 1,0000000000e+001	 7,83336e+001	-9,33845e+000
82	 1,0125000000e+001	 8,48723e+001	-8,45487e+000
83	 1,0250000000e+001	 1,09920e+002	-2,76553e+000
84	 1,0375000000e+001	 1,23501e+002	 8,04042e+000
85	 1,0500000000e+001	 1,42869e+002	 2,78269e+001
86	 1,0625000000e+001	 1,44833e+002	 7,31725e+001
87	 1,0750000000e+001	 1,21983e+002	 1,19615e+002
88	 1,0875000000e+001	-8,91348e+000	 2,56661e+002
89	 1,1000000000e+001	-1,16932e+002	 2,25544e+002
90	 1,1125000000e+001	-1,23621e+002	 1,41612e+002
91	 1,1250000000e+001	-1,19428e+002	 7,04272e+001
92	 1,1375000000e+001	-1,20761e+002	 3,32035e+001
93	 1,1500000000e+001	-1,10850e+002	 2,30961e+001
94	 1,1625000000e+001	-1,01504e+002	 8,11471e+000
95	 1,1750000000e+001	-9,62130e+001	 5,53784e+000
96	 1,1875000000e+001	-9,44178e+001	 1,72046e+000
97	 1,2000000000e+001	-8,64656e+001	 7,85301e-001
98	 1,2125000000e+001	-7,93714e+001	 2,86570e+000
99	 1,2250000000e+001	-7,60412e+001	 2,46919e+000
100	 1,2375000000e+001	-7,28616e+001	 2,86159e-001
101	 1,2500000000e+001	-6,67120e+001	-6,77660e-002
102	 1,2625000000e+001	-6,45290e+001	-4,07766e-001
103	 1,2750000000e+001	-6,15367e+001	 1,02379e+000
104	 1,2875000000e+001	-5,92185e+001	 1,89127e+000
105	 1,3000000000e+001	-5,53409e+001	 5,69958e-001
106	 1,3125000000e+001	-5,37671e+001	 9,19981e-001
107	 1,3250000000e+001	-5,19666e+001	 1,44981e+000
108	 1,3375000000e+001	-5,07421e+001	 2,06902e+000
109	 1,3500000000e+001	-4,92587e+001	 1,83869e+000
110	 1,3625000000e+001	-4,76655e+001	 1,02371e+000
111	 1,3750000000e+001	-4,64197e+001	 8,07553e-001
112	 1,3875000000e+001	-4,49401e+001	 8,98235e-001
113	 1,4000000000e+001	-4,39326e+001	 8,31357e-001
114	 1,4125000000e+001	-4,17764e+001	 1,59300e+000
115	 1,4250000000e+001	-4,13680e+001	 1,65043e+000
116	 1,4375000000e+001	-4,05939e+001	 1,59685e+000
117	 1,4500000000e+001	-3,95266e+001	 1,33637e+000
118	 1,4625000000e+001	-3,89220e+001	 1,23679e+000
119	 1,4750000000e+001	-3,76319e+001	 1,49325e+000
120	 1,4875000000e+001	-3,69136e+001	 1,44103e+000
121	 1,5000000000e+001	-3,65236e+001	 1,49786e+000
122	 1,5125000000e+001	-3,50472e+001	 1,72196e+000
123	 1,5250000000e+001	-3,48317e+001	 1,50112e+000
124	 1,5375000000e+001	-3,41825e+001	 1,36014e+000
125	 1,5500000000e+001	-3,37958e+001	 1,31727e+000
126	 1,5625000000e+001	-3,33920e+001	 1,26907e+000
127	 1,5750000000e+001	-3,28904e+001	 1,16622e+000
128	 1,5875000000e+001	-3,24906e+001	 1,14641e+000
129	 1,6000000000e+001	-3,21363e+001	 1,09563e+000
130	 1,6125000000e+001	-3,14207e+001	 9,65560e-001
131	 1,6250000000e+001	-3,11770e+001	 8,91095e-001
132	 1,6375000000e+001	-3,05571e+001	 1,12234e+000
133	 1,6500000000e+001	-3,04759e+001	 1,12827e+000
134	 1,6625000000e+001	-2,99497e+001	 1,06106e+000
135	 1,6750000000e+001	-2,94932e+001	 1,06019e+000
136	 1,6875000000e+001	-2,93580e+001	 1,00573e+000
137	 1,7000000000e+001	-2,91486e+001	 1,00337e+000
138	 1,7125000000e+001	-2,86923e+001	 8,25695e-001
139	 1,7250000000e+001	-2,83510e+001	 1,01017e+000
140	 1,7375000000e+001	-2,82140e+001	 8,63969e-001
141	 1,7500000000e+001	-2,79478e+001	 8,45883e-001
142	 1,7625000000e+001	-2,77320e+001	 8,71434e-001
143	 1,7750000000e+001	-2,75412e+001	 9,07889e-001
144	 1,7875000000e+001	-2,71789e+001	 9,14511e-001
145	 1,8000000000e+001	-2,69331e+001	 8,07554e-001
146	 1,8125000000e+001	-2,66636e+001	 8,86316e-001
147	 1,8250000000e+001	-2,65738e+001	 8,21557e-001
148	 1,8375000000e+001	-2,64455e+001	 8,16095e-001
149	 1,8500000000e+001	-2,63157e+001	 9,76610e-001
150	 1,8625000000e+001	-2,61642e+001	 1,00426e+000
151	 1,8750000000e+001	-2,59244e+001	 8,91954e-001
152	 1,8875000000e+001	-2,54983e+001	 7,40601e-001
153	 1,9000000000e+001	-2,52717e+001	 7,57417e-001
154	 1,9125000000e+001	-2,52355e+001	 7,52237e-001
155	 1,9250000000e+001	-2,50975e+001	 7,37717e-001
156	 1,9375000000e+001	-2,49911e+001	 7,35726e-001
157	 1,9500000000e+001	-2,48796e+001	 8,00024e-001
158	 1,9625000000e+001	-2,47384e+001	 8,40513e-001
159	 1,9750000000e+001	-2,46356e+001	 7,88150e-001
160	 1,9875000000e+001	-2,44141e+001	 6,41113e-001
161	 2,0000000000e+001	-2,41949e+001	 7,07711e-001
162	 2,0125000000e+001	-2,41323e+001	 7,33088e-001
163	 2,0250000000e+001	-2,40338e+001	 7,46770e-001
164	 2,0375000000e+001	-2,38831e+001	 8,35421e-001
165	 2,0500000000e+001	-2,37438e+001	 8,12783e-001
166	 2,0625000000e+001	-2,36151e+001	 7,72068e-001
167	 2,0750000000e+001	-2,35247e+001	 7,41746e-001
168	 2,0875000000e+001	-2,34451e+001	 7,34393e-001
169	 2,1000000000e+001	-2,33416e+001	 7,38511e-001
170	 2,1125000000e+001	-2,31795e+001	 7,88098e-001
171	 2,1250000000e+001	-2,31468e+001	 7,53002e-001
172	 2,1375000000e+001	-2,30389e+001	 6,85714e-001
173	 2,1500000000e+001	-2,28068e+001	 7,45381e-001
174	 2,1625000000e+001	-2,27503e+001	 7,51442e-001
175	 2,1750000000e+001	-2,27154e+001	 7,63516e-001
176	 2,1875000000e+001	-2,25587e+001	 7,86586e-001
177	 2,2000000000e+001	-2,24625e+001	 7,56616e-001
178	 2,2125000000e+001	-2,23693e+001	 7,10867e-001
179	 2,2250000000e+001	-2,23297e+001	 7,18103e-001
180	 2,2375000000e+001	-2,22351e+001	 7,56530e-001
181	 2,2500000000e+001	-2,21393e+001	 7,22865e-001
182	 2,2625000000e+001	-2,20063e+001	 7,24567e-001
183	 2,2750000000e+001	-2,19433e+001	 7,52410e-001
184	 2,2875000000e+001	-2,18762e+001	 7,19608e-001
185	 2,3000000000e+001	-2,17741e+001	 7,07273e-001
186	 2,3125000000e+001	-2,17247e+001	 7,29350e-001
187	 2,3250000000e+001	-2,16481e+001	 7,34362e-001
188	 2,3375000000e+001	-2,15671e+001	 7,30911e-001
189	 2,3500000000e+001	-2,14625e+001	 6,96474e-001
190	 2,3625000000e+001	-2,14393e+001	 7,17755e-001
191	 2,3750000000e+001	-2,13133e+001	 6,95433e-001
192	 2,3875000000e+001	-2,12132e+001	 7,19103e-001
193	 2,4000000000e+001	-2,11453e+001	 7,24886e-001
194	 2,4125000000e+001	-2,11081e+001	 7,31738e-001
195	 2,4250000000e+001	-2,10137e+001	 7,27218e-001
196	 2,4375000000e+001	-2,09700e+001	 7,16163e-001
197	 2,4500000000e+001	-2,09131e+001	 7,19643e-001
198	 2,4625000000e+001	-2,08078e+001	 7,01490e-001
199	 2,4750000000e+001	-2,07087e+001	 6,86871e-001
200	 2,4875000000e+001	-2,06508e+001	 7,23650e-001
201	 2,5000000000e+001	-2,06078e+001	 7,33370e-001
202	 2,5125000000e+001	-2,05943e+001	 7,16972e-001
203	 2,5250000000e+001	-2,05168e+001	 6,88893e-001
204	 2,5375000000e+001	-2,04340e+001	 7,22265e-001
205	 2,5500000000e+001	-2,04015e+001	 7,28408e-001
206	 2,5625000000e+001	-2,03185e+001	 6,78741e-001
207	 2,5750000000e+001	-2,02520e+001	 6,81368e-001
208	 2,5875000000e+001	-2,02104e+001	 7,11545e-001
209	 2,6000000000e+001	-2,01753e+001	 7,22420e-001
210	 2,6125000000e+001	-2,00749e+001	 7,04466e-001
211	 2,6250000000e+001	-2,00241e+001	 7,01276e-001
212	 2,6375000000e+001	-1,99379e+001	 7,19405e-001
213	 2,6500000000e+001	-1,98638e+001	 7,04330e-001
214	 2,6625000000e+001	-1,98527e+001	 6,79721e-001
215	 2,6750000000e+001	-1,97865e+001	 6,89957e-001
216	 2,6875000000e+001	-1,97228e+001	 6,79573e-001
217	 2,7000000000e+001	-1,96919e+001	 6,92164e-001
218	 2,7125000000e+001	-1,96319e+001	 6,80043e-001
219	 2,7250000000e+001	-1,95989e+001	 6,55672e-001
220	 2,7375000000e+001	-1,95376e+001	 6,39511e-001
221	 2,7500000000e+001	-1,94665e+001	 6,53100e-001
222	 2,7625000000e+001	-1,94253e+001	 6,71612e-001
223	 2,7750000000e+001	-1,93714e+001	 6,50623e-001
224	 2,7875000000e+001	-1,93433e+001	 6,62913e-001
225	 2,8000000000e+001	-1,92869e+001	 6,72032e-001
226	 2,8125000000e+001	-1,92398e+001	 6,16067e-001
227	 2,8250000000e+001	-1,91995e+001	 6,13366e-001
228	 2,8375000000e+001	-1,91823e+001	 6,20017e-001
229	 2,8500000000e+001	-1,91424e+001	 6,01061e-001
230	 2,8625000000e+001	-1,90859e+001	 6,23528e-001
231	 2,8750000000e+001	-1,90389e+001	 6,35480e-001
232	 2,8875000000e+001	-1,89692e+001	 6,25841e-001
233	 2,9000000000e+001	-1,89418e+001	 6,18374e-001
234	 2,9125000000e+001	-1,88843e+001	 5,96738e-001
235	 2,9250000000e+001	-1,88453e+001	 6,04318e-001
236	 2,9375000000e+001	-1,88075e+001	 5,96455e-001
237	 2,9500000000e+001	-1,87781e+001	 5,98140e-001
238	 2,9625000000e+001	-1,87265e+001	 6,00081e-001
239	 2,9750000000e+001	-1,86699e+001	 5,97625e-001
240	 2,9875000000e+001	-1,86637e+001	 5,98449e-001
241	 3,0000000000e+001	-1,85986e+001	 5,98138e-001
242	 3,0125000000e+001	-1,85549e+001	 5,95425e-001
243	 3,0250000000e+001	-1,85471e+001	 5,93304e-001
244	 3,0375000000e+001	-1,84789e+001	 5,99808e-001
245	 3,0500000000e+001	-1,84365e+001	 5,50722e-001
246	 3,0625000000e+001	-1,83916e+001	 5,38881e-001
247	 3,0750000000e+001	-1,83504e+001	 5,69966e-001
248	 3,0875000000e+001	-1,82840e+001	 5,61262e-001
249	 3,1000000000e+001	-1,82548e+001	 5,39320e-001
250	 3,1125000000e+001	-1,82401e+001	 5,36784e-001
251	 3,1250000000e+001	-1,82326e+001	 5,31970e-001
252	 3,1375000000e+001	-1,81927e+001	 5,37913e-001
253	 3,1500000000e+001	-1,81220e+001	 5,40099e-001
254	 3,1625000000e+001	-1,81191e+001	 5,39356e-001
255	 3,1750000000e+001	-1,80668e+001	 5,51006e-001
256	 3,1875000000e+001	-1,80200e+001	 5,29108e-001
257	 3,2000000000e+001	-1,79956e+001	 5,32321e-001
258	 3,2125000000e+001	-1,79503e+001	 5,18646e-001
259	 3,2250000000e+001	-1,79152e+001	 4,94861e-001
260	 3,2375000000e+001	-1,78760e+001	 5,00903e-001
261	 3,2500000000e+001	-1,78416e+001	 5,02603e-001
262	 3,2625000000e+001	-1,77943e+001	 4,87200e-001
263	 3,2750000000e+001	-1,77820e+001	 4,89056e-001
264	 3,2875000000e+001	-1,77307e+001	 4,64013e-001
265	 3,3000000000e+001	-1,76916e+001	 4,58229e-001
266	 3,3125000000e+001	-1,76830e+001	 4,64748e-001
267	 3,3250000000e+001	-1,76091e+001	 4,54514e-001
268	 3,3375000000e+001	-1,75896e+001	 4,47715e-001
269	 3,3500000000e+001	-1,75663e+001	 4,52355e-001
270	 3,3625000000e+001	-1,75127e+001	 4,07743e-001
271	 3,3750000000e+001	-1,75048e+001	 4,41313e-001
272	 3,3875000000e+001	-1,75039e+001	 4,60393e-001
273	 3,4000000000e+001	-1,74605e+001	 4,52134e-001
274	 3,4125000000e+001	-1,74424e+001	 4,38591e-001
275	 3,4250000000e+001	-1,74025e+001	 4,41290e-001
276	 3,4375000000e+001	-1,73725e+001	 4,31978e-001
277	 3,4500000000e+001	-1,73588e+001	 4,44745e-001
278	 3,4625000000e+001	-1,73365e+001	 4,38379e-001
279	 3,4750000000e+001	-1,72812e+001	 4,32491e-001
280	 3,4875000000e+001	-1,72552e+001	 4,59820e-001
281	 3,5000000000e+001	-1,71948e+001	 4,53251e-001
282	 3,5125000000e+001	-1,71529e+001	 4,26249e-001
283	 3,5250000000e+001	-1,71297e+001	 4,29706e-001
284	 3,5375000000e+001	-1,70977e+001	 4,30276e-001
285	 3,5500000000e+001	-1,70682e+001	 4,40590e-001
286	 3,5625000000e+001	-1,70403e+001	 4,29044e-001
287	 3,5750000000e+001	-1,70112e+001	 4,31714e-001
288	 3,5875000000e+001	-1,69718e+001	 4,18028e-001
289	 3,6000000000e+001	-1,69374e+001	 4,14607e-001
290	 3,6125000000e+001	-1,68951e+001	 4,22580e-001
291	 3,6250000000e+001	-1,68632e+001	 4,21217e-001
292	 3,6375000000e+001	-1,68274e+001	 4,21976e-001
293	 3,6500000000e+001	-1,68125e+001	 4,15481e-001
294	 3,6625000000e+001	-1,67790e+001	 4,09421e-001
295	 3,6750000000e+001	-1,67272e+001	 4,31356e-001
296	 3,6875000000e+001	-1,67013e+001	 4,42372e-001
297	 3,7000000000e+001	-1,66464e+001	 4,24427e-001
298	 3,7125000000e+001	-1,65985e+001	 4,08535e-001
299	 3,7250000000e+001	-1,65721e+001	 4,15841e-001
300	 3,7375000000e+001	-1,65505e+001	 4,12216e-001
301	 3,7500000000e+001	-1,65222e+001	 3,98466e-001
302	 3,7625000000e+001	-1,64956e+001	 4,00210e-001
303	 3,7750000000e+001	-1,64533e+001	 3,92989e-001
304	 3,7875000000e+001	-1,64270e+001	 4,00896e-001
305	 3,8000000000e+001	-1,63916e+001	 4,06399e-001
306	 3,8125000000e+001	-1,63537e+001	 3,68924e-001
307	 3,8250000000e+001	-1,63226e+001	 3,86706e-001
308	 3,8375000000e+001	-1,62579e+001	 4,09523e-001
309	 3,8500000000e+001	-1,62414e+001	 3,96347e-001
310	 3,8625000000e+001	-1,62196e+001	 3,91910e-001
311	 3,8750000000e+001	-1,61830e+001	 3,68337e-001
312	 3,8875000000e+001	-1,61567e+001	 3,91468e-001
313	 3,9000000000e+001	-1,61200e+001	 3,86501e-001
314	 3,9125000000e+001	-1,60863e+001	 4,01368e-001
315	 3,9250000000e+001	-1,60178e+001	 4,20400e-001
316	 3,9375000000e+001	-1,59949e+001	 3,91063e-001
317	 3,9500000000e+001	-1,59762e+001	 3,88548e-001
318	 3,9625000000e+001	-1,59176e+001	 3,86708e-001
319	 3,9750000000e+001	-1,59065e+001	 3,85254e-001
320	 3,9875000000e+001	-1,58805e+001	 3,98685e-001
321	 4,0000000000e+001	-1,58054e+001	 3,81634e-001
322	 4,0125000000e+001	-1,57986e+001	 3,69979e-001
323	 4,0250000000e+001	-1,57483e+001	 3,88470e-001
324	 4,0375000000e+001	-1,57392e+001	 3,84260e-001
325	 4,0500000000e+001	-1,56805e+001	 3,75611e-001
326	 4,0625000000e+001	-1,56350e+001	 3,70003e-001
327	 4,0750000000e+001	-1,56173e+001	 3,65181e-001
328	 4,0875000000e+001	-1,55623e+001	 3,71921e-001
329	 4,1000000000e+001	-1,55303e+001	 3,59553e-001
330	 4,1125000000e+001	-1,54733e+001	 3,66992e-001
331	 4,1250000000e+001	-1,54417e+001	 3,47561e-001
332	 4,1375000000e+001	-1,54350e+001	 3,79850e-001
333	 4,1500000000e+001	-1,54212e+001	 3,75438e-001
334	 4,1625000000e+001	-1,53538e+001	 3,73259e-001
335	 4,1750000000e+001	-1,52795e+001	 3,44084e-001
336	 4,1875000000e+001	-1,52692e+001	 3,57159e-001
337	 4,2000000000e+001	-1,52569e+001	 3,46859e-001
338	 4,2125000000e+001	-1,52001e+001	 3,42862e-001
339	 4,2250000000e+001	-1,51798e+001	 3,43533e-001
340	 4,2375000000e+001	-1,51149e+001	 3,42830e-001
341	 4,2500000000e+001	-1,50852e+001	 3,45559e-001
342	 4,2625000000e+001	-1,50189e+001	 3,41737e-001
343	 4,2750000000e+001	-1,49864e+001	 3,32748e-001
344	 4,2875000000e+001	-1,49752e+001	 3,49627e-001
345	 4,3000000000e+001	-1,49180e+001	 3,38674e-001
346	 4,3125000000e+001	-1,48633e+001	 3,33472e-001
347	 4,3250000000e+001	-1,48550e+001	 3,41695e-001
348	 4,3375000000e+001	-1,48129e+001	 3,41020e-001
349	 4,3500000000e+001	-1,47571e+001	 3,54550e-001
350	 4,3625000000e+001	-1,47102e+001	 3,64465e-001
351	 4,3750000000e+001	-1,46816e+001	 3,59031e-001
352	 4,3875000000e+001	-1,45915e+001	 3,54529e-001
353	 4,4000000000e+001	-1,45303e+001	 3,72130e-001
354	 4,4125000000e+001	-1,45116e+001	 3,33219e-001
355	 4,4250000000e+001	-1,44438e+001	 3,33391e-001
356	 4,4375000000e+001	-1,44349e+001	 3,37098e-001
357	 4,4500000000e+001	-1,44177e+001	 3,33874e-001
358	 4,4625000000e+001	-1,43582e+001	 3,25778e-001
359	 4,4750000000e+001	-1,43383e+001	 3,26639e-001
360	 4,4875000000e+001	-1,42779e+001	 3,25327e-001
361	 4,5000000000e+001	-1,42339e+001	 3,29315e-001
362	 4,5125000000e+001	-1,41895e+001	 3,41700e-001
363	 4,5250000000e+001	-1,41083e+001	 3,04452e-001
364	 4,5375000000e+001	-1,41053e+001	 2,93962e-001
365	 4,5500000000e+001	-1,40458e+001	 2,94826e-001
366	 4,5625000000e+001	-1,40163e+001	 2,99893e-001
367	 4,5750000000e+001	-1,39361e+001	 2,84511e-001
368	 4,5875000000e+001	-1,38953e+001	 3,06561e-001
369	 4,6000000000e+001	-1,38699e+001	 3,04835e-001
370	 4,6125000000e+001	-1,37891e+001	 2,84098e-001
371	 4,6250000000e+001	-1,37530e+001	 2,79622e-001
372	 4,6375000000e+001	-1,36946e+001	 2,82873e-001
373	 4,6500000000e+001	-1,36542e+001	 2,90913e-001
374	 4,6625000000e+001	-1,36290e+001	 2,91386e-001
375	 4,6750000000e+001	-1,35660e+001	 3,00121e-001
376	 4,6875000000e+001	-1,35267e+001	 3,07500e-001
377	 4,7000000000e+001	-1,34518e+001	 2,76314e-001
378	 4,7125000000e+001	-1,34144e+001	 2,65755e-001
379	 4,7250000000e+001	-1,33794e+001	 2,80882e-001
380	 4,7375000000e+001	-1,32911e+001	 2,66840e-001
381	 4,7500000000e+001	-1,32209e+001	 2,60334e-001
382	 4,7625000000e+001	-1,31992e+001	 2,78149e-001
383	 4,7750000000e+001	-1,31466e+001	 2,75381e-001
384	 4,7875000000e+001	-1,30584e+001	 2,59314e-001
385	 4,8000000000e+001	-1,30459e+001	 2,54249e-001
386	 4,8125000000e+001	-1,29993e+001	 2,44299e-001
387	 4,8250000000e+001	-1,28877e+001	 2,80811e-001
388	 4,8375000000e+001	-1,28583e+001	 2,67662e-001
389	 4,8500000000e+001	-1,27989e+001	 2,43284e-001
390	 4,8625000000e+001	-1,27219e+001	 2,46084e-001
391	 4,8750000000e+001	-1,26768e+001	 2,50285e-001
392	 4,8875000000e+001	-1,26167e+001	 2,58891e-001
393	 4,9000000000e+001	-1,25400e+001	 2,61296e-001
394	 4,9125000000e+001	-1,24779e+001	 2,49912e-001
395	 4,9250000000e+001	-1,24171e+001	 2,12903e-001
396	 4,9375000000e+001	-1,23800e+001	 2,51150e-001
397	 4,9500000000e+001	-1,23009e+001	 2,35982e-001
398	 4,9625000000e+001	-1,22600e+001	 2,29444e-001
399	 4,9750000000e+001	-1,21960e+001	 2,28077e-001
400	 4,9875000000e+001	-1,21102e+001	 1,91100e-001
401	 5,0000000000e+001	-1,20437e+001	 1,74304e-001
402	 5,0125000000e+001	-1,19814e+001	 1,99830e-001
403	 5,0250000000e+001	-1,19091e+001	 2,00900e-001
404	 5,0375000000e+001	-1,18376e+001	 1,75686e-001
405	 5,0500000000e+001	-1,17687e+001	 1,63794e-001
406	 5,0625000000e+001	-1,17158e+001	 1,70922e-001
407	 5,0750000000e+001	-1,16054e+001	 1,41740e-001
408	 5,0875000000e+001	-1,15374e+001	 1,30330e-001
409	 5,1000000000e+001	-1,14783e+001	 1,37273e-001
410	 5,1125000000e+001	-1,14230e+001	 1,14502e-001
411	 5,1250000000e+001	-1,13454e+001	 1,12420e-001
412	 5,1375000000e+001	-1,13064e+001	 1,07375e-001
413	 5,1500000000e+001	-1,12159e+001	 9,54343e-002
414	 5,1625000000e+001	-1,11640e+001	 9,83016e-002
415	 5,1750000000e+001	-1,11071e+001	 9,29423e-002
416	 5,1875000000e+001	-1,10139e+001	 9,90786e-002
417	 5,2000000000e+001	-1,09308e+001	 6,02747e-002
418	 5,2125000000e+001	-1,08929e+001	 6,64179e-002
419	 5,2250000000e+001	-1,07974e+001	 5,75952e-002
420	 5,2375000000e+001	-1,06987e+001	 4,31700e-002
421	 5,2500000000e+001	-1,06274e+001	 4,45156e-002
422	 5,2625000000e+001	-1,05688e+001	 6,49465e-002
423	 5,2750000000e+001	-1,04901e+001	 4,79029e-002
424	 5,2875000000e+001	-1,04090e+001	 5,33538e-002
425	 5,3000000000e+001	-1,02981e+001	 4,06193e-002
426	 5,3125000000e+001	-1,02316e+001	 4,50525e-002
427	 5,3250000000e+001	-1,01289e+001	 4,85958e-002
428	 5,3375000000e+001	-1,00300e+001	 8,71010e-003
429	 5,3500000000e+001	-9,98205e+000	-1,09987e-002
430	 5,3625000000e+001	-9,87775e+000	 1,97422e-002
431	 5,3750000000e+001	-9,84853e+000	 1,27443e-002
432	 5,3875000000e+001	-9,71243e+000	 3,11247e-002
433	 5,4000000000e+001	-9,57823e+000	 2,95550e-002
434	 5,4125000000e+001	-9,49780e+000	 7,19804e-004
435	 5,4250000000e+001	-9,42625e+000	-2,76983e-002
436	 5,4375000000e+001	-9,38213e+000	-2,70102e-002
437	 5,4500000000e+001	-9,18179e+000	-2,67359e-002
438	 5,4625000000e+001	-9,05360e+000	-4,26377e-002
439	 5,4750000000e+001	-9,02122e+000	-3,25467e-002
440	 5,4875000000e+001	-8,93531e+000	-8,14790e-003
441	 5,5000000000e+001	-8,80441e+000	-7,90927e-002
442	 5,5125000000e+001	-8,71719e+000	-8,62809e-002
443	 5,5250000000e+001	-8,57269e+000	-9,29991e-002
444	 5,5375000000e+001	-8,44110e+000	-6,45002e-002
445	 5,5500000000e+001	-8,42180e+000	-5,41291e-002
446	 5,5625000000e+001	-8,25280e+000	-9,13228e-002
447	 5,5750000000e+001	-8,10941e+000	-1,08459e-001
448	 5,5875000000e+001	-7,97791e+000	-7,82178e-002
449	 5,6000000000e+001	-7,87562e+000	-7,29950e-002
450	 5,6125000000e+001	-7,79922e+000	-7,20646e-002
451	 5,6250000000e+001	-7,65797e+000	-7,34455e-002
452	 5,6375000000e+001	-7,51730e+000	-1,14669e-001
453	 5,6500000000e+001	-7,44031e+000	-1,39350e-001
454	 5,6625000000e+001	-7,19902e+000	-1,41318e-001
455	 5,6750000000e+001	-7,06975e+000	-1,66880e-001
456	 5,6875000000e+001	-7,01374e+000	-1,70908e-001
457	 5,7000000000e+001	-6,88298e+000	-1,92960e-001
458	 5,7125000000e+001	-6,74903e+000	-1,99586e-001
459	 5,7250000000e+001	-6,59335e+000	-1,89466e-001
460	 5,7375000000e+001	-6,45108e+000	-2,08171e-001
461	 5,7500000000e+001	-6,28978e+000	-1,84314e-001
462	 5,7625000000e+001	-6,16140e+000	-2,43125e-001
463	 5,7750000000e+001	-5,98806e+000	-2,32939e-001
464	 5,7875000000e+001	-5,82184e+000	-2,61452e-001
465	 5,8000000000e+001	-5,67082e+000	-2,47929e-001
466	 5,8125000000e+001	-5,55359e+000	-3,01724e-001
467	 5,8250000000e+001	-5,35971e+000	-2,83029e-001
468	 5,8375000000e+001	-5,20819e+000	-2,71393e-001
469	 5,8500000000e+001	-5,01695e+000	-3,52752e-001
470	 5,8625000000e+001	-4,87723e+000	-3,56320e-001
471	 5,8750000000e+001	-4,67965e+000	-3,03825e-001
472	 5,8875000000e+001	-4,36418e+000	-3,78321e-001
473	 5,9000000000e+001	-4,32314e+000	-3,63906e-001
474	 5,9125000000e+001	-4,19596e+000	-3,61010e-001
475	 5,9250000000e+001	-3,86582e+000	-4,05792e-001
476	 5,9375000000e+001	-3,75172e+000	-4,16296e-001
477	 5,9500000000e+001	-3,55609e+000	-4,07209e-001
478	 5,9625000000e+001	-3,25522e+000	-4,70976e-001
479	 5,9750000000e+001	-3,13343e+000	-4,76814e-001
480	 5,9875000000e+001	-2,85156e+000	-4,98122e-001
481	 6,0000000000e+001	-2,65682e+000	-5,14511e-001
482	 6,0125000000e+001	-2,45882e+000	-5,32260e-001
483	 6,0250000000e+001	-2,30443e+000	-5,27831e-001
484	 6,0375000000e+001	-1,96656e+000	-5,53419e-001
485	 6,0500000000e+001	-1,88225e+000	-5,92665e-001
486	 6,0625000000e+001	-1,34325e+000	-6,80958e-001
487	 6,0750000000e+001	-1,26661e+000	-6,31798e-001
488	 6,0875000000e+001	-9,03630e-001	-6,76735e-001
489	 6,1000000000e+001	-7,04953e-001	-7,11434e-001
490	 6,1125000000e+001	-5,01751e-001	-7,38981e-001
491	 6,1250000000e+001	-1,30635e-001	-8,06900e-001
492	 6,1375000000e+001	 9,49060e-002	-8,07793e-001
493	 6,1500000000e+001	 4,32791e-001	-7,95749e-001
494	 6,1625000000e+001	 6,58279e-001	-8,80408e-001
495	 6,1750000000e+001	 1,11735e+000	-8,51654e-001
496	 6,1875000000e+001	 1,46956e+000	-9,40583e-001
497	 6,2000000000e+001	 1,64338e+000	-9,96895e-001
498	 6,2125000000e+001	 1,95954e+000	-1,01287e+000
499	 6,2250000000e+001	 2,41981e+000	-1,06375e+000
500	 6,2375000000e+001	 2,68615e+000	-1,06622e+000
501	 6,2500000000e+001	 3,10549e+000	-1,16957e+000
502	 6,2625000000e+001	 3,39827e+000	-1,25120e+000
503	 6,2750000000e+001	 3,80835e+000	-1,26965e+000
504	 6,2875000000e+001	 4,24859e+000	-1,21890e+000
505	 6,3000000000e+001	 4,68812e+000	-1,40658e+000
506	 6,3125000000e+001	 5,03220e+000	-1,40151e+000
507	 6,3250000000e+001	 5,42680e+000	-1,59658e+000
508	 6,3375000000e+001	 5,95994e+000	-1,64007e+000
509	 6,3500000000e+001	 6,50549e+000	-1,74429e+000
510	 6,3625000000e+001	 7,09443e+000	-1,74888e+000
511	 6,3750000000e+001	 7,33892e+000	-1,78495e+000
512	 6,3875000000e+001	 7,96742e+000	-1,87006e+000
513	 6,4000000000e+001	 8,34222e+000	-1,94645e+000
514	 6,4125000000e+001	 9,25378e+000	-2,11820e+000
515	 6,4250000000e+001	 9,53399e+000	-2,18225e+000
516	 6,4375000000e+001	 1,03402e+001	-2,27749e+000
517	 6,4500000000e+001	 1,10462e+001	-2,39645e+000
518	 6,4625000000e+001	 1,14247e+001	-2,41797e+000
519	 6,4750000000e+001	 1,22985e+001	-2,68044e+000
520	 6,4875000000e+001	 1,27895e+001	-2,70151e+000
521	 6,5000000000e+001	 1,37774e+001	-2,94247e+000
522	 6,5125000000e+001	 1,43624e+001	-3,21367e+000
523	 6,5250000000e+001	 1,50035e+001	-3,40980e+000
524	 6,5375000000e+001	 1,57700e+001	-3,75086e+000
525	 6,5500000000e+001	 1,71753e+001	-3,95913e+000
526	 6,5625000000e+001	 1,75292e+001	-3,94296e+000
527	 6,5750000000e+001	 1,85222e+001	-4,13937e+000
528	 6,5875000000e+001	 1,98435e+001	-4,77904e+000
529	 6,6000000000e+001	 2,05214e+001	-4,93536e+000
530	 6,6125000000e+001	 2,14975e+001	-5,15179e+000
531	 6,6250000000e+001	 2,31218e+001	-5,64553e+000
532	 6,6375000000e+001	 2,35773e+001	-5,80525e+000
533	 6,6500000000e+001	 2,58292e+001	-6,71048e+000
534	 6,6625000000e+001	 2,64949e+001	-7,07495e+000
535	 6,6750000000e+001	 2,79182e+001	-7,60367e+000
536	 6,6875000000e+001	 2,89584e+001	-7,58061e+000
537	 6,7000000000e+001	 3,11394e+001	-9,08863e+000
538	 6,7125000000e+001	 3,14360e+001	-9,08471e+000
539	 6,7250000000e+001	 3,29832e+001	-9,90202e+000
540	 6,7375000000e+001	 3,41771e+001	-1,09039e+001
541	 6,7500000000e+001	 3,57687e+001	-1,26276e+001
542	 6,7625000000e+001	 3,63427e+001	-1,23860e+001
543	 6,7750000000e+001	 3,74718e+001	-1,23370e+001
544	 6,7875000000e+001	 3,95266e+001	-1,25173e+001
545	 6,8000000000e+001	 4,20293e+001	-1,25997e+001
546	 6,8125000000e+001	 4,43395e+001	-1,18231e+001
547	 6,8250000000e+001	 4,74183e+001	-1,18521e+001
548	 6,8375000000e+001	 5,35493e+001	-1,31460e+001
549	 6,8500000000e+001	 5,63114e+001	-1,48729e+001
550	 6,8625000000e+001	 5,95726e+001	-1,54667e+001
551	 6,8750000000e+001	 6,61945e+001	-1,80871e+001
552	 6,8875000000e+001	 6,90962e+001	-1,97726e+001
553	 6,9000000000e+001	 7,19720e+001	-2,23771e+001
554	 6,9125000000e+001	 8,22972e+001	-2,69829e+001
555	 6,9250000000e+001	 8,73393e+001	-2,98638e+001
556	 6,9375000000e+001	 9,12262e+001	-3,17468e+001
557	 6,9500000000e+001	 1,04224e+002	-4,36652e+001
558	 6,9625000000e+001	 1,11955e+002	-4,85723e+001
559	 6,9750000000e+001	 1,15143e+002	-5,25060e+001
560	 6,9875000000e+001	 1,35196e+002	-6,87821e+001
561	 7,0000000000e+001	 1,41485e+002	-7,59322e+001
562	 7,0125000000e+001	 1,53043e+002	-9,26393e+001
563	 7,0250000000e+001	 1,71493e+002	-1,20859e+002
564	 7,0375000000e+001	 1,87770e+002	-1,53956e+002
565	 7,0500000000e+001	 1,96514e+002	-1,74804e+002
566	 7,0625000000e+001	 1,95071e+002	-2,61224e+002
567	 7,0750000000e+001	 1,79609e+002	-3,37543e+002
568	 7,0875000000e+001	 1,20754e+002	-3,75782e+002
569	 7,1000000000e+001	 2,81025e+001	-4,13353e+002
570	 7,1125000000e+001	-6,36284e+001	-4,01228e+002
571	 7,1250000000e+001	-1,63172e+002	-3,41057e+002
572	 7,1375000000e+001	-2,45001e+002	-2,74552e+002
573	 7,1500000000e+001	-2,59081e+002	-2,12737e+002
574	 7,1625000000e+001	-2,43596e+002	-1,76210e+002
575	 7,1750000000e+001	-2,45503e+002	-1,34691e+002
576	 7,1875000000e+001	-2,13593e+002	-1,02205e+002
577	 7,2000000000e+001	-2,02351e+002	-8,33468e+001
578	 7,2125000000e+001	-1,86036e+002	-6,14929e+001
579	 7,2250000000e+001	-1,74665e+002	-4,87388e+001
580	 7,2375000000e+001	-1,62529e+002	-4,18179e+001
581	 7,2500000000e+001	-1,55114e+002	-3,72402e+001
582	 7,2625000000e+001	-1,43731e+002	-3,22624e+001
583	 7,2750000000e+001	-1,37279e+002	-3,17518e+001
584	 7,2875000000e+001	-1,28104e+002	-2,52523e+001
585	 7,3000000000e+001	-1,22206e+002	-2,22612e+001
586	 7,3125000000e+001	-1,19129e+002	-1,93939e+001
587	 7,3250000000e+001	-1,12934e+002	-1,41041e+001
588	 7,3375000000e+001	-1,08789e+002	-1,30981e+001
589	 7,3500000000e+001	-1,02719e+002	-1,13853e+001
590	 7,3625000000e+001	-9,93963e+001	-1,12464e+001
591	 7,3750000000e+001	-9,77579e+001	-1,02281e+001
592	 7,3875000000e+001	-9,33724e+001	-8,83394e+000
593	 7,4000000000e+001	-9,13932e+001	-8,34884e+000
594	 7,4125000000e+001	-8,87200e+001	-7,30888e+000
595	 7,4250000000e+001	-8,55373e+001	-5,88460e+000
596	 7,4375000000e+001	-8,23672e+001	-6,44115e+000
597	 7,4500000000e+001	-8,01687e+001	-5,97959e+000
598	 7,4625000000e+001	-7,98317e+001	-5,62036e+000
599	 7,4750000000e+001	-7,77039e+001	-4,95012e+000
600	 7,4875000000e+001	-7,48100e+001	-4,69657e+000
601	 7,5000000000e+001	-7,38067e+001	-4,53025e+000
602	 7,5125000000e+001	-7,22031e+001	-4,27173e+000
603	 7,5250000000e+001	-7,10251e+001	-4,02449e+000
604	 7,5375000000e+001	-6,87511e+001	-3,76393e+000
605	 7,5500000000e+001	-6,80523e+001	-3,21291e+000
606	 7,5625000000e+001	-6,69043e+001	-2,62346e+000
607	 7,5750000000e+001	-6,48913e+001	-2,62148e+000
608	 7,5875000000e+001	-6,45133e+001	-2,41905e+000
609	 7,6000000000e+001	-6,27159e+001	-2,63372e+000
610	 7,6125000000e+001	-6,20399e+001	-2,43792e+000
611	 7,6250000000e+001	-6,11486e+001	-2,03626e+000
612	 7,6375000000e+001	-6,08083e+001	-2,03914e+000
613	 7,6500000000e+001	-5,89877e+001	-1,59368e+000
614	 7,6625000000e+001	-5,85541e+001	-1,77323e+000
615	 7,6750000000e+001	-5,75625e+001	-1,69790e+000
616	 7,6875000000e+001	-5,67802e+001	-1,67556e+000
617	 7,7000000000e+001	-5,59838e+001	-1,45608e+000
618	 7,7125000000e+001	-5,53005e+001	-1,21451e+000
619	 7,7250000000e+001	-5,51665e+001	-9,96333e-001
620	 7,7375000000e+001	-5,42923e+001	-1,14398e+000
621	 7,7500000000e+001	-5,37764e+001	-1,16831e+000
622	 7,7625000000e+001	-5,33181e+001	-1,01971e+000
623	 7,7750000000e+001	-5,27324e+001	-1,13127e+000
624	 7,7875000000e+001	-5,15877e+001	-9,98396e-001
625	 7,8000000000e+001	-5,10002e+001	-7,71787e-001
626	 7,8125000000e+001	-5,07653e+001	-8,73749e-001
627	 7,8250000000e+001	-5,03597e+001	-8,77196e-001
628	 7,8375000000e+001	-4,99002e+001	-6,91601e-001
629	 7,8500000000e+001	-4,92508e+001	-8,82503e-001
630	 7,8625000000e+001	-4,86447e+001	-6,90967e-001
631	 7,8750000000e+001	-4,82342e+001	-6,23999e-001
632	 7,8875000000e+001	-4,79109e+001	-5,87670e-001
633	 7,9000000000e+001	-4,74319e+001	-5,70888e-001
634	 7,9125000000e+001	-4,72032e+001	-4,47706e-001
635	 7,9250000000e+001	-4,66903e+001	-3,61968e-001
636	 7,9375000000e+001	-4,65323e+001	-4,61973e-001
637	 7,9500000000e+001	-4,60484e+001	-4,69683e-001
638	 7,9625000000e+001	-4,55633e+001	-3,62827e-001
639	 7,9750000000e+001	-4,50286e+001	-4,07821e-001
640	 7,9875000000e+001	-4,48576e+001	-3,43335e-001
641	 8,0000000000e+001	-4,45988e+001	-3,14707e-001
642	 8,0125000000e+001	-4,42880e+001	-2,65391e-001
643	 8,0250000000e+001	-4,38086e+001	-3,36858e-001
644	 8,0375000000e+001	-4,35747e+001	-2,51006e-001
645	 8,0500000000e+001	-4,33967e+001	-1,90493e-001
646	 8,0625000000e+001	-4,30406e+001	-1,89226e-001
647	 8,0750000000e+001	-4,28781e+001	-1,43498e-001
648	 8,0875000000e+001	-4,25629e+001	 2,74720e-002
649	 8,1000000000e+001	-4,22912e+001	 1,44134e-002
650	 8,1125000000e+001	-4,19265e+001	-6,21614e-002
651	 8,1250000000e+001	-4,15852e+001	-7,64945e-002
652	 8,1375000000e+001	-4,14686e+001	-7,88222e-002
653	 8,1500000000e+001	-4,11358e+001	-5,71787e-002
654	 8,1625000000e+001	-4,09098e+001	 9,51561e-003
655	 8,1750000000e+001	-4,08485e+001	 1,58335e-002
656	 8,1875000000e+001	-4,04894e+001	 1,75960e-002
657	 8,2000000000e+001	-4,01900e+001	-5,29255e-002
658	 8,2125000000e+001	-4,00200e+001	-2,09094e-002
659	 8,2250000000e+001	-3,99236e+001	-6,46603e-003
660	 8,2375000000e+001	-3,96431e+001	 7,03767e-002
661	 8,2500000000e+001	-3,94120e+001	-2,53954e-002
662	 8,2625000000e+001	-3,92444e+001	-7,28099e-003
663	 8,2750000000e+001	-3,89733e+001	 1,22165e-001
664	 8,2875000000e+001	-3,88752e+001	 8,51520e-002
665	 8,3000000000e+001	-3,87189e+001	 5,73895e-002
666	 8,3125000000e+001	-3,85015e+001	 9,19127e-002
667	 8,3250000000e+001	-3,82170e+001	 7,39683e-002
668	 8,3375000000e+001	-3,80685e+001	 1,06526e-001
669	 8,3500000000e+001	-3,78824e+001	 1,03307e-001
670	 8,3625000000e+001	-3,77647e+001	 9,57034e-002
671	 8,3750000000e+001	-3,76766e+001	 9,84688e-002
672	 8,3875000000e+001	-3,74902e+001	 1,21670e-001
673	 8,4000000000e+001	-3,73030e+001	 1,33955e-001
674	 8,4125000000e+001	-3,71084e+001	 1,48797e-001
675	 8,4250000000e+001	-3,69717e+001	 1,59984e-001
676	 8,4375000000e+001	-3,68368e+001	 1,60741e-001
677	 8,4500000000e+001	-3,67140e+001	 1,93041e-001
678	 8,4625000000e+001	-3,65759e+001	 2,09607e-001
679	 8,4750000000e+001	-3,63514e+001	 1,80638e-001
680	 8,4875000000e+001	-3,62970e+001	 1,95849e-001
681	 8,5000000000e+001	-3,61295e+001	 1,90119e-001
682	 8,5125000000e+001	-3,58912e+001	 1,80513e-001
683	 8,5250000000e+001	-3,58343e+001	 2,19431e-001
684	 8,5375000000e+001	-3,57656e+001	 2,22296e-001
685	 8,5500000000e+001	-3,56202e+001	 2,11635e-001
686	 8,5625000000e+001	-3,54330e+001	 2,44485e-001
687	 8,5750000000e+001	-3,53272e+001	 2,16987e-001
688	 8,5875000000e+001	-3,52102e+001	 2,42150e-001
689	 8,6000000000e+001	-3,50493e+001	 2,82281e-001
690	 8,6125000000e+001	-3,48878e+001	 2,67130e-001
691	 8,6250000000e+001	-3,48533e+001	 2,70278e-001
692	 8,6375000000e+001	-3,46967e+001	 2,07363e-001
693	 8,6500000000e+001	-3,46764e+001	 2,13131e-001
694	 8,6625000000e+001	-3,46036e+001	 2,33566e-001
695	 8,6750000000e+001	-3,44035e+001	 2,65357e-001
696	 8,6875000000e+001	-3,42047e+001	 2,53973e-001
697	 8,7000000000e+001	-3,41728e+001	 2,44713e-001
698	 8,7125000000e+001	-3,40961e+001	 2,87479e-001
699	 8,7250000000e+001	-3,39615e+001	 2,44613e-001
700	 8,7375000000e+001	-3,38051e+001	 2,60139e-001
701	 8,7500000000e+001	-3,37571e+001	 2,67171e-001
702	 8,7625000000e+001	-3,37125e+001	 2,55691e-001
703	 8,7750000000e+001	-3,36355e+001	 2,51647e-001
704	 8,7875000000e+001	-3,34469e+001	 2,64359e-001
705	 8,8000000000e+001	-3,33839e+001	 2,57382e-001
706	 8,8125000000e+001	-3,32861e+001	 2,63726e-001
707	 8,8250000000e+001	-3,32037e+001	 2,84131e-001
708	 8,8375000000e+001	-3,31074e+001	 2,77834e-001
709	 8,8500000000e+001	-3,30315e+001	 2,59732e-001
710	 8,8625000000e+001	-3,29091e+001	 2,81785e-001
711	 8,8750000000e+001	-3,28199e+001	 2,91383e-001
712	 8,8875000000e+001	-3,27300e+001	 2,77317e-001
713	 8,9000000000e+001	-3,26856e+001	 3,05357e-001
714	 8,9125000000e+001	-3,26148e+001	 2,88274e-001
715	 8,9250000000e+001	-3,25264e+001	 2,90597e-001
716	 8,9375000000e+001	-3,24041e+001	 2,99409e-001
717	 8,9500000000e+001	-3,23276e+001	 2,98126e-001
718	 8,9625000000e+001	-3,22641e+001	 2,94045e-001
719	 8,9750000000e+001	-3,21825e+001	 3,20357e-001
720	 8,9875000000e+001	-3,21215e+001	 2,96027e-001
721	 9,0000000000e+001	-3,20461e+001	 2,76747e-001
722	 9,0125000000e+001	-3,19777e+001	 3,02796e-001
723	 9,0250000000e+001	-3,18474e+001	 3,33328e-001
724	 9,0375000000e+001	-3,18062e+001	 2,83052e-001
725	 9,0500000000e+001	-3,17520e+001	 2,98763e-001
726	 9,0625000000e+001	-3,16752e+001	 3,09531e-001
727	 9,0750000000e+001	-3,15654e+001	 2,98545e-001
728	 9,0875000000e+001	-3,15210e+001	 3,20706e-001
729	 9,1000000000e+001	-3,14705e+001	 3,10238e-001
730	 9,1125000000e+001	-3,13898e+001	 2,93673e-001
731	 9,1250000000e+001	-3,13405e+001	 2,96709e-001
732	 9,1375000000e+001	-3,12287e+001	 3,07170e-001
733	 9,1500000000e+001	-3,11859e+001	 2,99670e-001
734	 9,1625000000e+001	-3,11386e+001	 3,07587e-001
735	 9,1750000000e+001	-3,10642e+001	 3,17354e-001
736	 9,1875000000e+001	-3,10251e+001	 3,13481e-001
737	 9,2000000000e+001	-3,09444e+001	 3,24680e-001
738	 9,2125000000e+001	-3,08743e+001	 3,48522e-001
739	 9,2250000000e+001	-3,08166e+001	 3,37885e-001
740	 9,2375000000e+001	-3,07388e+001	 3,15874e-001
741	 9,2500000000e+001	-3,07100e+001	 3,11446e-001
742	 9,2625000000e+001	-3,06686e+001	 3,08794e-001
743	 9,2750000000e+001	-3,05686e+001	 3,15303e-001
744	 9,2875000000e+001	-3,05206e+001	 3,29081e-001
745	 9,3000000000e+001	-3,04871e+001	 3,20247e-001
746	 9,3125000000e+001	-3,04045e+001	 3,11667e-001
747	 9,3250000000e+001	-3,03550e+001	 3,10669e-001
748	 9,3375000000e+001	-3,03080e+001	 3,39480e-001
749	 9,3500000000e+001	-3,02235e+001	 3,46259e-001
750	 9,3625000000e+001	-3,01979e+001	 3,35003e-001
751	 9,3750000000e+001	-3,01673e+001	 3,41135e-001
752	 9,3875000000e+001	-3,01174e+001	 3,83431e-001
753	 9,4000000000e+001	-3,00211e+001	 3,55550e-001
754	 9,4125000000e+001	-2,99805e+001	 3,47202e-001
755	 9,4250000000e+001	-2,99256e+001	 3,46715e-001
756	 9,4375000000e+001	-2,98659e+001	 3,67940e-001
757	 9,4500000000e+001	-2,98269e+001	 3,62714e-001
758	 9,4625000000e+001	-2,97577e+001	 3,64531e-001
759	 9,4750000000e+001	-2,97187e+001	 3,65517e-001
760	 9,4875000000e+001	-2,96808e+001	 3,56112e-001
761	 9,5000000000e+001	-2,96305e+001	 3,46493e-001
762	 9,5125000000e+001	-2,95784e+001	 3,50099e-001
763	 9,5250000000e+001	-2,95016e+001	 3,34715e-001
764	 9,5375000000e+001	-2,94861e+001	 3,52768e-001
765	 9,5500000000e+001	-2,94260e+001	 3,63716e-001
766	 9,5625000000e+001	-2,93586e+001	 3,75683e-001
767	 9,5750000000e+001	-2,93338e+001	 4,00283e-001
768	 9,5875000000e+001	-2,92509e+001	 3,85981e-001
769	 9,6000000000e+001	-2,92025e+001	 3,87940e-001
770	 9,6125000000e+001	-2,91567e+001	 4,11578e-001
771	 9,6250000000e+001	-2,91203e+001	 4,02553e-001
772	 9,6375000000e+001	-2,90803e+001	 3,87034e-001
773	 9,6500000000e+001	-2,90463e+001	 4,09283e-001
774	 9,6625000000e+001	-2,90156e+001	 4,16729e-001
775	 9,6750000000e+001	-2,89433e+001	 4,29064e-001
776	 9,6875000000e+001	-2,89220e+001	 4,17706e-001
777	 9,7000000000e+001	-2,88687e+001	 4,03755e-001
778	 9,7125000000e+001	-2,88034e+001	 4,13694e-001
779	 9,7250000000e+001	-2,87652e+001	 4,07358e-001
780	 9,7375000000e+001	-2,87522e+001	 4,06981e-001
781	 9,7500000000e+001	-2,86818e+001	 4,63416e-001
782	 9,7625000000e+001	-2,86278e+001	 4,60759e-001
783	 9,7750000000e+001	-2,85989e+001	 4,57980e-001
784	 9,7875000000e+001	-2,85442e+001	 4,59974e-001
785	 9,8000000000e+001	-2,84706e+001	 4,70400e-001
786	 9,8125000000e+001	-2,84218e+001	 4,41247e-001
787	 9,8250000000e+001	-2,84051e+001	 4,41062e-001
788	 9,8375000000e+001	-2,83808e+001	 4,39912e-001
789	 9,8500000000e+001	-2,83334e+001	 4,44768e-001
790	 9,8625000000e+001	-2,82770e+001	 4,45679e-001
791	 9,8750000000e+001	-2,82347e+001	 4,34021e-001
792	 9,8875000000e+001	-2,81660e+001	 4,61852e-001
793	 9,9000000000e+001	-2,81191e+001	 4,63062e-001
794	 9,9125000000e+001	-2,80843e+001	 4,56280e-001
795	 9,9250000000e+001	-2,80713e+001	 4,82949e-001
796	 9,9375000000e+001	-2,80011e+001	 4,89510e-001
797	 9,9500000000e+001	-2,79623e+001	 4,52941e-001
798	 9,9625000000e+001	-2,78878e+001	 4,40531e-001
799	 9,9750000000e+001	-2,78253e+001	 4,87603e-001
800	 9,9875000000e+001	-2,78041e+001	 5,07699e-001
801	 1,0000000000e+002	-2,77388e+001	 5,15429e-001
TagsBegin:	 	 	 
OverLoad:	 	False	 
AverageNumber: []	 	 5,00000e+000	 
OverLoadRatio: []	 	 1,19209e-007	 
TagsEnd:	 	 	 
TagScalesBegin:	 	 	 
TagScalesEnd:	 	 	 
