Header Size:	 79	 
Pulse Version:	 80	 
Running Pulse Version:	PULSE LabShop  Version 18.1.0.28 - 2013-11-23	 
Decimal Symbol:	,	 
Date Format:	dd.MM.yyyy	 
Time Format:	HH:mm:ss:mmm	 
Data Type:	Real	 
Slice:	False	 
Z-Axis type:	Linear	 
Z-Axis size:	1	 
Z-Axis unit:	 	 
Z-Axis first value:	 0,0000000000e+000	 
Z-Axis delta:	 1,0000000000e+000	 
X-Axis type:	Linear	 
X-Axis size:	801	 
X-Axis unit:	Hz	 
X-Axis first value:	 0,0000000000e+000	 
X-Axis delta:	 1,2500000000e-001	 
	 	 
AmplitudeUnit:	 	 
Analyzer:	FFT_Spectrum_Averaging	 
AnalyzerName:	STS FFT Analyzer	 
	 	 
	 	 
Bipolar:	False	 
CenterFrequency:	 5,0000000000e+001	 
	 	 
	 	 
	 	 
	 	 
dBReference:	 1,0000000000e+000	 
	 	 
	 	 
	 	 
Domain:	1	 
Function:	Coherence	 
	 	 
	 	 
	 	 
	 	 
MultiBufferName:	Input	 
NBW:	 1,5000000000e+000	 
	 	 
OverlapFailed:	False	 
Overrun:	False	 
Power:	True	 
PowerUnit:	 	 
Ratio:	True	 
RecordLength:	 8,0000000000e+000	 
ReducedSize:	True	 
Ref_Signal:	ForceTransducer Ref.	 
	 	 
	 	 
RefSignalUnit:	N	 
	 	 
	 	 
Signal:	4507 B 1-x	 
	 	 
SignalUnit:	m/s²	 
	 	 
	 	 
	 	 
Title:	Coherence (3Z-,3Z+)	 
Title1:	STS : Input : Input : STS FFT Analyzer	 
	 	 
	 	 
	 	 
ZoomOn:	False	 
	 	 
TemplateName:	STS	 
MeasurementName:	Input	 
MeasurementSlice:	False	 
	 	 
	 	 
	 	 
EnvelopeOn:	False	 
	 	 
	 	 
	 	 
Z-index:	 	1
Date:	 	01.03.2016
Time:	 	17:45:00:166
Relative time:	 	 0,00000e+000
Z-axis:	 	 0,0000000000e+000
1	 0,0000000000e+000	 8,33917e-001
2	 1,2500000000e-001	 8,73710e-001
3	 2,5000000000e-001	 7,23997e-001
4	 3,7500000000e-001	 3,11472e-001
5	 5,0000000000e-001	 1,20275e-001
6	 6,2500000000e-001	 1,54426e-001
7	 7,5000000000e-001	 2,93281e-001
8	 8,7500000000e-001	 9,54371e-002
9	 1,0000000000e+000	 1,59128e-001
10	 1,1250000000e+000	 3,56467e-001
11	 1,2500000000e+000	 3,91431e-001
12	 1,3750000000e+000	 9,59077e-001
13	 1,5000000000e+000	 8,88871e-001
14	 1,6250000000e+000	 6,96675e-001
15	 1,7500000000e+000	 8,98792e-001
16	 1,8750000000e+000	 9,40954e-001
17	 2,0000000000e+000	 9,24960e-001
18	 2,1250000000e+000	 9,47457e-001
19	 2,2500000000e+000	 9,68444e-001
20	 2,3750000000e+000	 9,82735e-001
21	 2,5000000000e+000	 9,71230e-001
22	 2,6250000000e+000	 9,79371e-001
23	 2,7500000000e+000	 9,90729e-001
24	 2,8750000000e+000	 9,96369e-001
25	 3,0000000000e+000	 9,96242e-001
26	 3,1250000000e+000	 9,94223e-001
27	 3,2500000000e+000	 9,92278e-001
28	 3,3750000000e+000	 9,98732e-001
29	 3,5000000000e+000	 9,90844e-001
30	 3,6250000000e+000	 9,99439e-001
31	 3,7500000000e+000	 9,97338e-001
32	 3,8750000000e+000	 9,95320e-001
33	 4,0000000000e+000	 9,97997e-001
34	 4,1250000000e+000	 9,98686e-001
35	 4,2500000000e+000	 9,99604e-001
36	 4,3750000000e+000	 9,97452e-001
37	 4,5000000000e+000	 9,94929e-001
38	 4,6250000000e+000	 9,97565e-001
39	 4,7500000000e+000	 9,98801e-001
40	 4,8750000000e+000	 9,98688e-001
41	 5,0000000000e+000	 9,98768e-001
42	 5,1250000000e+000	 9,99349e-001
43	 5,2500000000e+000	 9,99087e-001
44	 5,3750000000e+000	 9,97403e-001
45	 5,5000000000e+000	 9,99330e-001
46	 5,6250000000e+000	 9,98717e-001
47	 5,7500000000e+000	 9,98355e-001
48	 5,8750000000e+000	 9,98679e-001
49	 6,0000000000e+000	 9,99186e-001
50	 6,1250000000e+000	 9,98425e-001
51	 6,2500000000e+000	 9,99277e-001
52	 6,3750000000e+000	 9,97652e-001
53	 6,5000000000e+000	 9,98776e-001
54	 6,6250000000e+000	 9,98950e-001
55	 6,7500000000e+000	 9,99598e-001
56	 6,8750000000e+000	 9,98587e-001
57	 7,0000000000e+000	 9,97747e-001
58	 7,1250000000e+000	 9,98190e-001
59	 7,2500000000e+000	 9,98402e-001
60	 7,3750000000e+000	 9,97980e-001
61	 7,5000000000e+000	 9,97062e-001
62	 7,6250000000e+000	 9,98770e-001
63	 7,7500000000e+000	 9,99423e-001
64	 7,8750000000e+000	 9,99149e-001
65	 8,0000000000e+000	 9,94162e-001
66	 8,1250000000e+000	 9,98992e-001
67	 8,2500000000e+000	 9,99227e-001
68	 8,3750000000e+000	 9,96684e-001
69	 8,5000000000e+000	 9,99043e-001
70	 8,6250000000e+000	 9,96231e-001
71	 8,7500000000e+000	 9,96362e-001
72	 8,8750000000e+000	 9,99007e-001
73	 9,0000000000e+000	 9,96982e-001
74	 9,1250000000e+000	 9,98274e-001
75	 9,2500000000e+000	 9,98159e-001
76	 9,3750000000e+000	 9,91194e-001
77	 9,5000000000e+000	 9,86496e-001
78	 9,6250000000e+000	 9,98068e-001
79	 9,7500000000e+000	 9,96257e-001
80	 9,8750000000e+000	 9,94888e-001
81	 1,0000000000e+001	 9,98183e-001
82	 1,0125000000e+001	 9,95659e-001
83	 1,0250000000e+001	 9,71618e-001
84	 1,0375000000e+001	 9,85297e-001
85	 1,0500000000e+001	 9,81150e-001
86	 1,0625000000e+001	 9,54617e-001
87	 1,0750000000e+001	 8,64413e-001
88	 1,0875000000e+001	 9,47758e-001
89	 1,1000000000e+001	 9,01722e-001
90	 1,1125000000e+001	 8,85870e-001
91	 1,1250000000e+001	 9,45150e-001
92	 1,1375000000e+001	 9,82060e-001
93	 1,1500000000e+001	 9,92287e-001
94	 1,1625000000e+001	 9,96735e-001
95	 1,1750000000e+001	 9,97047e-001
96	 1,1875000000e+001	 9,95454e-001
97	 1,2000000000e+001	 9,94134e-001
98	 1,2125000000e+001	 9,98103e-001
99	 1,2250000000e+001	 9,98351e-001
100	 1,2375000000e+001	 9,97629e-001
101	 1,2500000000e+001	 9,98221e-001
102	 1,2625000000e+001	 9,98460e-001
103	 1,2750000000e+001	 9,98829e-001
104	 1,2875000000e+001	 9,98396e-001
105	 1,3000000000e+001	 9,99280e-001
106	 1,3125000000e+001	 9,99628e-001
107	 1,3250000000e+001	 9,99368e-001
108	 1,3375000000e+001	 9,99871e-001
109	 1,3500000000e+001	 9,99238e-001
110	 1,3625000000e+001	 9,99508e-001
111	 1,3750000000e+001	 9,99133e-001
112	 1,3875000000e+001	 9,99808e-001
113	 1,4000000000e+001	 9,98704e-001
114	 1,4125000000e+001	 9,99734e-001
115	 1,4250000000e+001	 9,99864e-001
116	 1,4375000000e+001	 9,99486e-001
117	 1,4500000000e+001	 9,99713e-001
118	 1,4625000000e+001	 9,99784e-001
119	 1,4750000000e+001	 9,99588e-001
120	 1,4875000000e+001	 9,99979e-001
121	 1,5000000000e+001	 9,99748e-001
122	 1,5125000000e+001	 9,99843e-001
123	 1,5250000000e+001	 9,99907e-001
124	 1,5375000000e+001	 9,99889e-001
125	 1,5500000000e+001	 9,99780e-001
126	 1,5625000000e+001	 9,99879e-001
127	 1,5750000000e+001	 9,99927e-001
128	 1,5875000000e+001	 9,99887e-001
129	 1,6000000000e+001	 9,99911e-001
130	 1,6125000000e+001	 9,99929e-001
131	 1,6250000000e+001	 9,99864e-001
132	 1,6375000000e+001	 9,99972e-001
133	 1,6500000000e+001	 9,99941e-001
134	 1,6625000000e+001	 9,99945e-001
135	 1,6750000000e+001	 9,99871e-001
136	 1,6875000000e+001	 9,99980e-001
137	 1,7000000000e+001	 9,99923e-001
138	 1,7125000000e+001	 9,99875e-001
139	 1,7250000000e+001	 9,99867e-001
140	 1,7375000000e+001	 9,99947e-001
141	 1,7500000000e+001	 9,99944e-001
142	 1,7625000000e+001	 9,99936e-001
143	 1,7750000000e+001	 9,99925e-001
144	 1,7875000000e+001	 9,99962e-001
145	 1,8000000000e+001	 9,99933e-001
146	 1,8125000000e+001	 9,99982e-001
147	 1,8250000000e+001	 9,99979e-001
148	 1,8375000000e+001	 9,99959e-001
149	 1,8500000000e+001	 9,99975e-001
150	 1,8625000000e+001	 9,99979e-001
151	 1,8750000000e+001	 9,99859e-001
152	 1,8875000000e+001	 9,99928e-001
153	 1,9000000000e+001	 9,99967e-001
154	 1,9125000000e+001	 9,99971e-001
155	 1,9250000000e+001	 9,99960e-001
156	 1,9375000000e+001	 9,99984e-001
157	 1,9500000000e+001	 9,99948e-001
158	 1,9625000000e+001	 9,99980e-001
159	 1,9750000000e+001	 9,99952e-001
160	 1,9875000000e+001	 9,99911e-001
161	 2,0000000000e+001	 9,99979e-001
162	 2,0125000000e+001	 9,99985e-001
163	 2,0250000000e+001	 9,99980e-001
164	 2,0375000000e+001	 9,99983e-001
165	 2,0500000000e+001	 9,99979e-001
166	 2,0625000000e+001	 9,99973e-001
167	 2,0750000000e+001	 9,99990e-001
168	 2,0875000000e+001	 9,99989e-001
169	 2,1000000000e+001	 9,99940e-001
170	 2,1125000000e+001	 9,99994e-001
171	 2,1250000000e+001	 9,99981e-001
172	 2,1375000000e+001	 9,99983e-001
173	 2,1500000000e+001	 9,99988e-001
174	 2,1625000000e+001	 9,99990e-001
175	 2,1750000000e+001	 9,99954e-001
176	 2,1875000000e+001	 9,99994e-001
177	 2,2000000000e+001	 9,99992e-001
178	 2,2125000000e+001	 9,99996e-001
179	 2,2250000000e+001	 9,99993e-001
180	 2,2375000000e+001	 9,99988e-001
181	 2,2500000000e+001	 9,99980e-001
182	 2,2625000000e+001	 9,99994e-001
183	 2,2750000000e+001	 9,99996e-001
184	 2,2875000000e+001	 9,99994e-001
185	 2,3000000000e+001	 9,99998e-001
186	 2,3125000000e+001	 9,99992e-001
187	 2,3250000000e+001	 9,99992e-001
188	 2,3375000000e+001	 9,99995e-001
189	 2,3500000000e+001	 9,99980e-001
190	 2,3625000000e+001	 9,99987e-001
191	 2,3750000000e+001	 9,99977e-001
192	 2,3875000000e+001	 9,99989e-001
193	 2,4000000000e+001	 9,99994e-001
194	 2,4125000000e+001	 9,99990e-001
195	 2,4250000000e+001	 9,99986e-001
196	 2,4375000000e+001	 9,99997e-001
197	 2,4500000000e+001	 9,99995e-001
198	 2,4625000000e+001	 9,99995e-001
199	 2,4750000000e+001	 9,99991e-001
200	 2,4875000000e+001	 9,99988e-001
201	 2,5000000000e+001	 9,99998e-001
202	 2,5125000000e+001	 9,99997e-001
203	 2,5250000000e+001	 9,99980e-001
204	 2,5375000000e+001	 9,99995e-001
205	 2,5500000000e+001	 9,99995e-001
206	 2,5625000000e+001	 9,99991e-001
207	 2,5750000000e+001	 9,99993e-001
208	 2,5875000000e+001	 9,99999e-001
209	 2,6000000000e+001	 9,99992e-001
210	 2,6125000000e+001	 9,99994e-001
211	 2,6250000000e+001	 9,99993e-001
212	 2,6375000000e+001	 9,99994e-001
213	 2,6500000000e+001	 9,99996e-001
214	 2,6625000000e+001	 9,99989e-001
215	 2,6750000000e+001	 9,99991e-001
216	 2,6875000000e+001	 9,99997e-001
217	 2,7000000000e+001	 9,99995e-001
218	 2,7125000000e+001	 9,99993e-001
219	 2,7250000000e+001	 9,99996e-001
220	 2,7375000000e+001	 9,99992e-001
221	 2,7500000000e+001	 9,99993e-001
222	 2,7625000000e+001	 9,99993e-001
223	 2,7750000000e+001	 9,99975e-001
224	 2,7875000000e+001	 9,99981e-001
225	 2,8000000000e+001	 9,99982e-001
226	 2,8125000000e+001	 9,99996e-001
227	 2,8250000000e+001	 9,99997e-001
228	 2,8375000000e+001	 9,99999e-001
229	 2,8500000000e+001	 9,99996e-001
230	 2,8625000000e+001	 9,99991e-001
231	 2,8750000000e+001	 9,99992e-001
232	 2,8875000000e+001	 9,99995e-001
233	 2,9000000000e+001	 9,99988e-001
234	 2,9125000000e+001	 9,99998e-001
235	 2,9250000000e+001	 9,99997e-001
236	 2,9375000000e+001	 9,99998e-001
237	 2,9500000000e+001	 9,99996e-001
238	 2,9625000000e+001	 9,99991e-001
239	 2,9750000000e+001	 9,99998e-001
240	 2,9875000000e+001	 9,99997e-001
241	 3,0000000000e+001	 9,99993e-001
242	 3,0125000000e+001	 9,99999e-001
243	 3,0250000000e+001	 9,99993e-001
244	 3,0375000000e+001	 9,99992e-001
245	 3,0500000000e+001	 9,99993e-001
246	 3,0625000000e+001	 9,99996e-001
247	 3,0750000000e+001	 9,99989e-001
248	 3,0875000000e+001	 9,99991e-001
249	 3,1000000000e+001	 9,99998e-001
250	 3,1125000000e+001	 9,99999e-001
251	 3,1250000000e+001	 9,99998e-001
252	 3,1375000000e+001	 9,99992e-001
253	 3,1500000000e+001	 9,99993e-001
254	 3,1625000000e+001	 9,99993e-001
255	 3,1750000000e+001	 9,99988e-001
256	 3,1875000000e+001	 9,99998e-001
257	 3,2000000000e+001	 9,99998e-001
258	 3,2125000000e+001	 9,99997e-001
259	 3,2250000000e+001	 9,99996e-001
260	 3,2375000000e+001	 9,99997e-001
261	 3,2500000000e+001	 9,99993e-001
262	 3,2625000000e+001	 9,99998e-001
263	 3,2750000000e+001	 9,99998e-001
264	 3,2875000000e+001	 9,99994e-001
265	 3,3000000000e+001	 9,99999e-001
266	 3,3125000000e+001	 9,99998e-001
267	 3,3250000000e+001	 9,99996e-001
268	 3,3375000000e+001	 9,99998e-001
269	 3,3500000000e+001	 9,99996e-001
270	 3,3625000000e+001	 9,99982e-001
271	 3,3750000000e+001	 9,99996e-001
272	 3,3875000000e+001	 9,99996e-001
273	 3,4000000000e+001	 9,99995e-001
274	 3,4125000000e+001	 9,99993e-001
275	 3,4250000000e+001	 9,99997e-001
276	 3,4375000000e+001	 9,99998e-001
277	 3,4500000000e+001	 9,99998e-001
278	 3,4625000000e+001	 9,99990e-001
279	 3,4750000000e+001	 9,99995e-001
280	 3,4875000000e+001	 9,99996e-001
281	 3,5000000000e+001	 9,99993e-001
282	 3,5125000000e+001	 9,99998e-001
283	 3,5250000000e+001	 9,99998e-001
284	 3,5375000000e+001	 9,99997e-001
285	 3,5500000000e+001	 9,99998e-001
286	 3,5625000000e+001	 9,99998e-001
287	 3,5750000000e+001	 9,99998e-001
288	 3,5875000000e+001	 9,99995e-001
289	 3,6000000000e+001	 9,99997e-001
290	 3,6125000000e+001	 9,99998e-001
291	 3,6250000000e+001	 9,99997e-001
292	 3,6375000000e+001	 9,99999e-001
293	 3,6500000000e+001	 9,99998e-001
294	 3,6625000000e+001	 9,99995e-001
295	 3,6750000000e+001	 9,99993e-001
296	 3,6875000000e+001	 9,99998e-001
297	 3,7000000000e+001	 9,99996e-001
298	 3,7125000000e+001	 9,99997e-001
299	 3,7250000000e+001	 9,99999e-001
300	 3,7375000000e+001	 9,99998e-001
301	 3,7500000000e+001	 9,99999e-001
302	 3,7625000000e+001	 9,99995e-001
303	 3,7750000000e+001	 9,99998e-001
304	 3,7875000000e+001	 9,99996e-001
305	 3,8000000000e+001	 9,99988e-001
306	 3,8125000000e+001	 9,99997e-001
307	 3,8250000000e+001	 9,99995e-001
308	 3,8375000000e+001	 9,99997e-001
309	 3,8500000000e+001	 9,99998e-001
310	 3,8625000000e+001	 9,99999e-001
311	 3,8750000000e+001	 9,99997e-001
312	 3,8875000000e+001	 9,99998e-001
313	 3,9000000000e+001	 9,99996e-001
314	 3,9125000000e+001	 9,99993e-001
315	 3,9250000000e+001	 9,99992e-001
316	 3,9375000000e+001	 9,99998e-001
317	 3,9500000000e+001	 9,99997e-001
318	 3,9625000000e+001	 9,99996e-001
319	 3,9750000000e+001	 9,99998e-001
320	 3,9875000000e+001	 9,99993e-001
321	 4,0000000000e+001	 9,99996e-001
322	 4,0125000000e+001	 9,99996e-001
323	 4,0250000000e+001	 9,99995e-001
324	 4,0375000000e+001	 9,99996e-001
325	 4,0500000000e+001	 9,99992e-001
326	 4,0625000000e+001	 9,99998e-001
327	 4,0750000000e+001	 9,99998e-001
328	 4,0875000000e+001	 9,99997e-001
329	 4,1000000000e+001	 9,99996e-001
330	 4,1125000000e+001	 9,99991e-001
331	 4,1250000000e+001	 9,99985e-001
332	 4,1375000000e+001	 9,99993e-001
333	 4,1500000000e+001	 9,99996e-001
334	 4,1625000000e+001	 9,99988e-001
335	 4,1750000000e+001	 9,99997e-001
336	 4,1875000000e+001	 9,99999e-001
337	 4,2000000000e+001	 9,99995e-001
338	 4,2125000000e+001	 9,99999e-001
339	 4,2250000000e+001	 9,99993e-001
340	 4,2375000000e+001	 9,99994e-001
341	 4,2500000000e+001	 9,99997e-001
342	 4,2625000000e+001	 9,99991e-001
343	 4,2750000000e+001	 9,99998e-001
344	 4,2875000000e+001	 9,99994e-001
345	 4,3000000000e+001	 9,99994e-001
346	 4,3125000000e+001	 9,99998e-001
347	 4,3250000000e+001	 9,99999e-001
348	 4,3375000000e+001	 9,99989e-001
349	 4,3500000000e+001	 9,99993e-001
350	 4,3625000000e+001	 9,99991e-001
351	 4,3750000000e+001	 9,99988e-001
352	 4,3875000000e+001	 9,99959e-001
353	 4,4000000000e+001	 9,99981e-001
354	 4,4125000000e+001	 9,99977e-001
355	 4,4250000000e+001	 9,99994e-001
356	 4,4375000000e+001	 9,99998e-001
357	 4,4500000000e+001	 9,99995e-001
358	 4,4625000000e+001	 9,99997e-001
359	 4,4750000000e+001	 9,99996e-001
360	 4,4875000000e+001	 9,99980e-001
361	 4,5000000000e+001	 9,99993e-001
362	 4,5125000000e+001	 9,99985e-001
363	 4,5250000000e+001	 9,99993e-001
364	 4,5375000000e+001	 9,99993e-001
365	 4,5500000000e+001	 9,99988e-001
366	 4,5625000000e+001	 9,99997e-001
367	 4,5750000000e+001	 9,99957e-001
368	 4,5875000000e+001	 9,99998e-001
369	 4,6000000000e+001	 9,99993e-001
370	 4,6125000000e+001	 9,99991e-001
371	 4,6250000000e+001	 9,99996e-001
372	 4,6375000000e+001	 9,99998e-001
373	 4,6500000000e+001	 9,99998e-001
374	 4,6625000000e+001	 9,99994e-001
375	 4,6750000000e+001	 9,99996e-001
376	 4,6875000000e+001	 9,99990e-001
377	 4,7000000000e+001	 9,99976e-001
378	 4,7125000000e+001	 9,99995e-001
379	 4,7250000000e+001	 9,99993e-001
380	 4,7375000000e+001	 9,99967e-001
381	 4,7500000000e+001	 9,99999e-001
382	 4,7625000000e+001	 9,99995e-001
383	 4,7750000000e+001	 9,99976e-001
384	 4,7875000000e+001	 9,99994e-001
385	 4,8000000000e+001	 9,99993e-001
386	 4,8125000000e+001	 9,99984e-001
387	 4,8250000000e+001	 9,99979e-001
388	 4,8375000000e+001	 9,99990e-001
389	 4,8500000000e+001	 9,99981e-001
390	 4,8625000000e+001	 9,99982e-001
391	 4,8750000000e+001	 9,99993e-001
392	 4,8875000000e+001	 9,99994e-001
393	 4,9000000000e+001	 9,99992e-001
394	 4,9125000000e+001	 9,99982e-001
395	 4,9250000000e+001	 9,99989e-001
396	 4,9375000000e+001	 9,99979e-001
397	 4,9500000000e+001	 9,99985e-001
398	 4,9625000000e+001	 9,99992e-001
399	 4,9750000000e+001	 9,99991e-001
400	 4,9875000000e+001	 9,99970e-001
401	 5,0000000000e+001	 9,99972e-001
402	 5,0125000000e+001	 9,99987e-001
403	 5,0250000000e+001	 9,99972e-001
404	 5,0375000000e+001	 9,99985e-001
405	 5,0500000000e+001	 9,99985e-001
406	 5,0625000000e+001	 9,99993e-001
407	 5,0750000000e+001	 9,99938e-001
408	 5,0875000000e+001	 9,99990e-001
409	 5,1000000000e+001	 9,99992e-001
410	 5,1125000000e+001	 9,99982e-001
411	 5,1250000000e+001	 9,99988e-001
412	 5,1375000000e+001	 9,99988e-001
413	 5,1500000000e+001	 9,99982e-001
414	 5,1625000000e+001	 9,99989e-001
415	 5,1750000000e+001	 9,99987e-001
416	 5,1875000000e+001	 9,99967e-001
417	 5,2000000000e+001	 9,99982e-001
418	 5,2125000000e+001	 9,99986e-001
419	 5,2250000000e+001	 9,99973e-001
420	 5,2375000000e+001	 9,99963e-001
421	 5,2500000000e+001	 9,99981e-001
422	 5,2625000000e+001	 9,99973e-001
423	 5,2750000000e+001	 9,99964e-001
424	 5,2875000000e+001	 9,99972e-001
425	 5,3000000000e+001	 9,99953e-001
426	 5,3125000000e+001	 9,99964e-001
427	 5,3250000000e+001	 9,99890e-001
428	 5,3375000000e+001	 9,99950e-001
429	 5,3500000000e+001	 9,99952e-001
430	 5,3625000000e+001	 9,99978e-001
431	 5,3750000000e+001	 9,99963e-001
432	 5,3875000000e+001	 9,99924e-001
433	 5,4000000000e+001	 9,99962e-001
434	 5,4125000000e+001	 9,99972e-001
435	 5,4250000000e+001	 9,99993e-001
436	 5,4375000000e+001	 9,99969e-001
437	 5,4500000000e+001	 9,99770e-001
438	 5,4625000000e+001	 9,99986e-001
439	 5,4750000000e+001	 9,99974e-001
440	 5,4875000000e+001	 9,99922e-001
441	 5,5000000000e+001	 9,99953e-001
442	 5,5125000000e+001	 9,99975e-001
443	 5,5250000000e+001	 9,99914e-001
444	 5,5375000000e+001	 9,99953e-001
445	 5,5500000000e+001	 9,99974e-001
446	 5,5625000000e+001	 9,99758e-001
447	 5,5750000000e+001	 9,99864e-001
448	 5,5875000000e+001	 9,99861e-001
449	 5,6000000000e+001	 9,99955e-001
450	 5,6125000000e+001	 9,99955e-001
451	 5,6250000000e+001	 9,99842e-001
452	 5,6375000000e+001	 9,99902e-001
453	 5,6500000000e+001	 9,99847e-001
454	 5,6625000000e+001	 9,99780e-001
455	 5,6750000000e+001	 9,99921e-001
456	 5,6875000000e+001	 9,99936e-001
457	 5,7000000000e+001	 9,99830e-001
458	 5,7125000000e+001	 9,99839e-001
459	 5,7250000000e+001	 9,99797e-001
460	 5,7375000000e+001	 9,99829e-001
461	 5,7500000000e+001	 9,99715e-001
462	 5,7625000000e+001	 9,99785e-001
463	 5,7750000000e+001	 9,99590e-001
464	 5,7875000000e+001	 9,99791e-001
465	 5,8000000000e+001	 9,99808e-001
466	 5,8125000000e+001	 9,99711e-001
467	 5,8250000000e+001	 9,99415e-001
468	 5,8375000000e+001	 9,99756e-001
469	 5,8500000000e+001	 9,99419e-001
470	 5,8625000000e+001	 9,99406e-001
471	 5,8750000000e+001	 9,97991e-001
472	 5,8875000000e+001	 9,99830e-001
473	 5,9000000000e+001	 9,99773e-001
474	 5,9125000000e+001	 9,98557e-001
475	 5,9250000000e+001	 9,99553e-001
476	 5,9375000000e+001	 9,99344e-001
477	 5,9500000000e+001	 9,98526e-001
478	 5,9625000000e+001	 9,99006e-001
479	 5,9750000000e+001	 9,98909e-001
480	 5,9875000000e+001	 9,98166e-001
481	 6,0000000000e+001	 9,98587e-001
482	 6,0125000000e+001	 9,97903e-001
483	 6,0250000000e+001	 9,96964e-001
484	 6,0375000000e+001	 9,94655e-001
485	 6,0500000000e+001	 9,96309e-001
486	 6,0625000000e+001	 9,86051e-001
487	 6,0750000000e+001	 9,94414e-001
488	 6,0875000000e+001	 9,65297e-001
489	 6,1000000000e+001	 9,92141e-001
490	 6,1125000000e+001	 9,33054e-001
491	 6,1250000000e+001	 9,79061e-001
492	 6,1375000000e+001	 9,55144e-001
493	 6,1500000000e+001	 9,69912e-001
494	 6,1625000000e+001	 9,66529e-001
495	 6,1750000000e+001	 9,84459e-001
496	 6,1875000000e+001	 9,93098e-001
497	 6,2000000000e+001	 9,95223e-001
498	 6,2125000000e+001	 9,87021e-001
499	 6,2250000000e+001	 9,97966e-001
500	 6,2375000000e+001	 9,91125e-001
501	 6,2500000000e+001	 9,98859e-001
502	 6,2625000000e+001	 9,97105e-001
503	 6,2750000000e+001	 9,95808e-001
504	 6,2875000000e+001	 9,96730e-001
505	 6,3000000000e+001	 9,97527e-001
506	 6,3125000000e+001	 9,97793e-001
507	 6,3250000000e+001	 9,97845e-001
508	 6,3375000000e+001	 9,96581e-001
509	 6,3500000000e+001	 9,95330e-001
510	 6,3625000000e+001	 9,98951e-001
511	 6,3750000000e+001	 9,99091e-001
512	 6,3875000000e+001	 9,98216e-001
513	 6,4000000000e+001	 9,99007e-001
514	 6,4125000000e+001	 9,98653e-001
515	 6,4250000000e+001	 9,99037e-001
516	 6,4375000000e+001	 9,97252e-001
517	 6,4500000000e+001	 9,99844e-001
518	 6,4625000000e+001	 9,98469e-001
519	 6,4750000000e+001	 9,99404e-001
520	 6,4875000000e+001	 9,98898e-001
521	 6,5000000000e+001	 9,99428e-001
522	 6,5125000000e+001	 9,99225e-001
523	 6,5250000000e+001	 9,99236e-001
524	 6,5375000000e+001	 9,98519e-001
525	 6,5500000000e+001	 9,99563e-001
526	 6,5625000000e+001	 9,99178e-001
527	 6,5750000000e+001	 9,97566e-001
528	 6,5875000000e+001	 9,99553e-001
529	 6,6000000000e+001	 9,99575e-001
530	 6,6125000000e+001	 9,98806e-001
531	 6,6250000000e+001	 9,99059e-001
532	 6,6375000000e+001	 9,99694e-001
533	 6,6500000000e+001	 9,98588e-001
534	 6,6625000000e+001	 9,98878e-001
535	 6,6750000000e+001	 9,99093e-001
536	 6,6875000000e+001	 9,98155e-001
537	 6,7000000000e+001	 9,99670e-001
538	 6,7125000000e+001	 9,99876e-001
539	 6,7250000000e+001	 9,98857e-001
540	 6,7375000000e+001	 9,98312e-001
541	 6,7500000000e+001	 9,99719e-001
542	 6,7625000000e+001	 9,99848e-001
543	 6,7750000000e+001	 9,99492e-001
544	 6,7875000000e+001	 9,99109e-001
545	 6,8000000000e+001	 9,98200e-001
546	 6,8125000000e+001	 9,99135e-001
547	 6,8250000000e+001	 9,97463e-001
548	 6,8375000000e+001	 9,97574e-001
549	 6,8500000000e+001	 9,98473e-001
550	 6,8625000000e+001	 9,98220e-001
551	 6,8750000000e+001	 9,97263e-001
552	 6,8875000000e+001	 9,99128e-001
553	 6,9000000000e+001	 9,98303e-001
554	 6,9125000000e+001	 9,94045e-001
555	 6,9250000000e+001	 9,99665e-001
556	 6,9375000000e+001	 9,96341e-001
557	 6,9500000000e+001	 9,96822e-001
558	 6,9625000000e+001	 9,98576e-001
559	 6,9750000000e+001	 9,97826e-001
560	 6,9875000000e+001	 9,95009e-001
561	 7,0000000000e+001	 9,97405e-001
562	 7,0125000000e+001	 9,92526e-001
563	 7,0250000000e+001	 9,89762e-001
564	 7,0375000000e+001	 9,93967e-001
565	 7,0500000000e+001	 9,82295e-001
566	 7,0625000000e+001	 9,80540e-001
567	 7,0750000000e+001	 9,84447e-001
568	 7,0875000000e+001	 9,82197e-001
569	 7,1000000000e+001	 9,90822e-001
570	 7,1125000000e+001	 9,59313e-001
571	 7,1250000000e+001	 9,36614e-001
572	 7,1375000000e+001	 9,81109e-001
573	 7,1500000000e+001	 9,83081e-001
574	 7,1625000000e+001	 9,93251e-001
575	 7,1750000000e+001	 9,54004e-001
576	 7,1875000000e+001	 9,91226e-001
577	 7,2000000000e+001	 9,93596e-001
578	 7,2125000000e+001	 9,93719e-001
579	 7,2250000000e+001	 9,98008e-001
580	 7,2375000000e+001	 9,97705e-001
581	 7,2500000000e+001	 9,98659e-001
582	 7,2625000000e+001	 9,98747e-001
583	 7,2750000000e+001	 9,98738e-001
584	 7,2875000000e+001	 9,98246e-001
585	 7,3000000000e+001	 9,99131e-001
586	 7,3125000000e+001	 9,99298e-001
587	 7,3250000000e+001	 9,99097e-001
588	 7,3375000000e+001	 9,98877e-001
589	 7,3500000000e+001	 9,99314e-001
590	 7,3625000000e+001	 9,99832e-001
591	 7,3750000000e+001	 9,99625e-001
592	 7,3875000000e+001	 9,99521e-001
593	 7,4000000000e+001	 9,99627e-001
594	 7,4125000000e+001	 9,99756e-001
595	 7,4250000000e+001	 9,99585e-001
596	 7,4375000000e+001	 9,99271e-001
597	 7,4500000000e+001	 9,99859e-001
598	 7,4625000000e+001	 9,99843e-001
599	 7,4750000000e+001	 9,99664e-001
600	 7,4875000000e+001	 9,99742e-001
601	 7,5000000000e+001	 9,99787e-001
602	 7,5125000000e+001	 9,99741e-001
603	 7,5250000000e+001	 9,99887e-001
604	 7,5375000000e+001	 9,99716e-001
605	 7,5500000000e+001	 9,99935e-001
606	 7,5625000000e+001	 9,99745e-001
607	 7,5750000000e+001	 9,99847e-001
608	 7,5875000000e+001	 9,99892e-001
609	 7,6000000000e+001	 9,99724e-001
610	 7,6125000000e+001	 9,99804e-001
611	 7,6250000000e+001	 9,99970e-001
612	 7,6375000000e+001	 9,99870e-001
613	 7,6500000000e+001	 9,99839e-001
614	 7,6625000000e+001	 9,99955e-001
615	 7,6750000000e+001	 9,99802e-001
616	 7,6875000000e+001	 9,99949e-001
617	 7,7000000000e+001	 9,99822e-001
618	 7,7125000000e+001	 9,99935e-001
619	 7,7250000000e+001	 9,99936e-001
620	 7,7375000000e+001	 9,99902e-001
621	 7,7500000000e+001	 9,99902e-001
622	 7,7625000000e+001	 9,99988e-001
623	 7,7750000000e+001	 9,99824e-001
624	 7,7875000000e+001	 9,99927e-001
625	 7,8000000000e+001	 9,99969e-001
626	 7,8125000000e+001	 9,99975e-001
627	 7,8250000000e+001	 9,99957e-001
628	 7,8375000000e+001	 9,99925e-001
629	 7,8500000000e+001	 9,99902e-001
630	 7,8625000000e+001	 9,99915e-001
631	 7,8750000000e+001	 9,99955e-001
632	 7,8875000000e+001	 9,99958e-001
633	 7,9000000000e+001	 9,99969e-001
634	 7,9125000000e+001	 9,99971e-001
635	 7,9250000000e+001	 9,99975e-001
636	 7,9375000000e+001	 9,99968e-001
637	 7,9500000000e+001	 9,99946e-001
638	 7,9625000000e+001	 9,99957e-001
639	 7,9750000000e+001	 9,99982e-001
640	 7,9875000000e+001	 9,99992e-001
641	 8,0000000000e+001	 9,99973e-001
642	 8,0125000000e+001	 9,99949e-001
643	 8,0250000000e+001	 9,99973e-001
644	 8,0375000000e+001	 9,99982e-001
645	 8,0500000000e+001	 9,99995e-001
646	 8,0625000000e+001	 9,99973e-001
647	 8,0750000000e+001	 9,99992e-001
648	 8,0875000000e+001	 9,99978e-001
649	 8,1000000000e+001	 9,99971e-001
650	 8,1125000000e+001	 9,99958e-001
651	 8,1250000000e+001	 9,99982e-001
652	 8,1375000000e+001	 9,99987e-001
653	 8,1500000000e+001	 9,99991e-001
654	 8,1625000000e+001	 9,99996e-001
655	 8,1750000000e+001	 9,99994e-001
656	 8,1875000000e+001	 9,99959e-001
657	 8,2000000000e+001	 9,99984e-001
658	 8,2125000000e+001	 9,99996e-001
659	 8,2250000000e+001	 9,99991e-001
660	 8,2375000000e+001	 9,99987e-001
661	 8,2500000000e+001	 9,99977e-001
662	 8,2625000000e+001	 9,99980e-001
663	 8,2750000000e+001	 9,99993e-001
664	 8,2875000000e+001	 9,99991e-001
665	 8,3000000000e+001	 9,99993e-001
666	 8,3125000000e+001	 9,99981e-001
667	 8,3250000000e+001	 9,99988e-001
668	 8,3375000000e+001	 9,99980e-001
669	 8,3500000000e+001	 9,99997e-001
670	 8,3625000000e+001	 9,99995e-001
671	 8,3750000000e+001	 9,99996e-001
672	 8,3875000000e+001	 9,99994e-001
673	 8,4000000000e+001	 9,99987e-001
674	 8,4125000000e+001	 9,99992e-001
675	 8,4250000000e+001	 9,99995e-001
676	 8,4375000000e+001	 9,99995e-001
677	 8,4500000000e+001	 9,99996e-001
678	 8,4625000000e+001	 9,99984e-001
679	 8,4750000000e+001	 9,99997e-001
680	 8,4875000000e+001	 9,99996e-001
681	 8,5000000000e+001	 9,99989e-001
682	 8,5125000000e+001	 9,99996e-001
683	 8,5250000000e+001	 9,99997e-001
684	 8,5375000000e+001	 9,99996e-001
685	 8,5500000000e+001	 9,99985e-001
686	 8,5625000000e+001	 9,99966e-001
687	 8,5750000000e+001	 9,99990e-001
688	 8,5875000000e+001	 9,99989e-001
689	 8,6000000000e+001	 9,99987e-001
690	 8,6125000000e+001	 9,99998e-001
691	 8,6250000000e+001	 9,99996e-001
692	 8,6375000000e+001	 9,99998e-001
693	 8,6500000000e+001	 9,99997e-001
694	 8,6625000000e+001	 9,99992e-001
695	 8,6750000000e+001	 9,99990e-001
696	 8,6875000000e+001	 9,99991e-001
697	 8,7000000000e+001	 9,99998e-001
698	 8,7125000000e+001	 9,99994e-001
699	 8,7250000000e+001	 9,99991e-001
700	 8,7375000000e+001	 9,99993e-001
701	 8,7500000000e+001	 9,99998e-001
702	 8,7625000000e+001	 9,99994e-001
703	 8,7750000000e+001	 9,99991e-001
704	 8,7875000000e+001	 9,99993e-001
705	 8,8000000000e+001	 9,99997e-001
706	 8,8125000000e+001	 9,99996e-001
707	 8,8250000000e+001	 9,99995e-001
708	 8,8375000000e+001	 9,99999e-001
709	 8,8500000000e+001	 9,99996e-001
710	 8,8625000000e+001	 9,99996e-001
711	 8,8750000000e+001	 9,99998e-001
712	 8,8875000000e+001	 9,99997e-001
713	 8,9000000000e+001	 9,99998e-001
714	 8,9125000000e+001	 9,99997e-001
715	 8,9250000000e+001	 9,99995e-001
716	 8,9375000000e+001	 9,99996e-001
717	 8,9500000000e+001	 9,99998e-001
718	 8,9625000000e+001	 9,99997e-001
719	 8,9750000000e+001	 9,99996e-001
720	 8,9875000000e+001	 9,99997e-001
721	 9,0000000000e+001	 9,99998e-001
722	 9,0125000000e+001	 9,99995e-001
723	 9,0250000000e+001	 9,99997e-001
724	 9,0375000000e+001	 9,99997e-001
725	 9,0500000000e+001	 9,99997e-001
726	 9,0625000000e+001	 9,99996e-001
727	 9,0750000000e+001	 9,99997e-001
728	 9,0875000000e+001	 9,99998e-001
729	 9,1000000000e+001	 9,99999e-001
730	 9,1125000000e+001	 9,99997e-001
731	 9,1250000000e+001	 9,99998e-001
732	 9,1375000000e+001	 9,99996e-001
733	 9,1500000000e+001	 9,99999e-001
734	 9,1625000000e+001	 9,99997e-001
735	 9,1750000000e+001	 9,99999e-001
736	 9,1875000000e+001	 9,99999e-001
737	 9,2000000000e+001	 9,99995e-001
738	 9,2125000000e+001	 9,99999e-001
739	 9,2250000000e+001	 9,99996e-001
740	 9,2375000000e+001	 9,99999e-001
741	 9,2500000000e+001	 9,99998e-001
742	 9,2625000000e+001	 9,99998e-001
743	 9,2750000000e+001	 9,99998e-001
744	 9,2875000000e+001	 1,00000e+000
745	 9,3000000000e+001	 9,99997e-001
746	 9,3125000000e+001	 9,99998e-001
747	 9,3250000000e+001	 9,99998e-001
748	 9,3375000000e+001	 9,99997e-001
749	 9,3500000000e+001	 9,99997e-001
750	 9,3625000000e+001	 9,99999e-001
751	 9,3750000000e+001	 9,99999e-001
752	 9,3875000000e+001	 9,99994e-001
753	 9,4000000000e+001	 9,99998e-001
754	 9,4125000000e+001	 9,99999e-001
755	 9,4250000000e+001	 9,99997e-001
756	 9,4375000000e+001	 9,99999e-001
757	 9,4500000000e+001	 9,99999e-001
758	 9,4625000000e+001	 9,99998e-001
759	 9,4750000000e+001	 9,99999e-001
760	 9,4875000000e+001	 9,99998e-001
761	 9,5000000000e+001	 9,99998e-001
762	 9,5125000000e+001	 9,99999e-001
763	 9,5250000000e+001	 9,99998e-001
764	 9,5375000000e+001	 9,99998e-001
765	 9,5500000000e+001	 9,99997e-001
766	 9,5625000000e+001	 9,99998e-001
767	 9,5750000000e+001	 9,99999e-001
768	 9,5875000000e+001	 9,99997e-001
769	 9,6000000000e+001	 9,99996e-001
770	 9,6125000000e+001	 9,99997e-001
771	 9,6250000000e+001	 9,99998e-001
772	 9,6375000000e+001	 9,99998e-001
773	 9,6500000000e+001	 9,99999e-001
774	 9,6625000000e+001	 9,99996e-001
775	 9,6750000000e+001	 9,99999e-001
776	 9,6875000000e+001	 9,99999e-001
777	 9,7000000000e+001	 9,99999e-001
778	 9,7125000000e+001	 9,99998e-001
779	 9,7250000000e+001	 1,00000e+000
780	 9,7375000000e+001	 9,99998e-001
781	 9,7500000000e+001	 9,99990e-001
782	 9,7625000000e+001	 1,00000e+000
783	 9,7750000000e+001	 9,99999e-001
784	 9,7875000000e+001	 9,99998e-001
785	 9,8000000000e+001	 9,99994e-001
786	 9,8125000000e+001	 9,99999e-001
787	 9,8250000000e+001	 1,00000e+000
788	 9,8375000000e+001	 9,99999e-001
789	 9,8500000000e+001	 9,99995e-001
790	 9,8625000000e+001	 9,99999e-001
791	 9,8750000000e+001	 9,99998e-001
792	 9,8875000000e+001	 9,99997e-001
793	 9,9000000000e+001	 9,99999e-001
794	 9,9125000000e+001	 9,99998e-001
795	 9,9250000000e+001	 9,99998e-001
796	 9,9375000000e+001	 9,99997e-001
797	 9,9500000000e+001	 9,99993e-001
798	 9,9625000000e+001	 9,99986e-001
799	 9,9750000000e+001	 9,99996e-001
800	 9,9875000000e+001	 9,99988e-001
801	 1,0000000000e+002	 9,99998e-001
TagsBegin:	 	 
OverLoad:	 	False
AverageNumber: []	 	 5,00000e+000
OverLoadRatio: []	 	 1,19209e-007
TagsEnd:	 	 
TagScalesBegin:	 	 
TagScalesEnd:	 	 
