Header Size:	 79	 	 
Pulse Version:	 80	 	 
Running Pulse Version:	PULSE LabShop  Version 18.1.0.28 - 2013-11-23	 	 
Decimal Symbol:	,	 	 
Date Format:	dd.MM.yyyy	 	 
Time Format:	HH:mm:ss:mmm	 	 
Data Type:	Complex	 	 
Slice:	False	 	 
Z-Axis type:	Linear	 	 
Z-Axis size:	1	 	 
Z-Axis unit:	 	 	 
Z-Axis first value:	 0,0000000000e+000	 	 
Z-Axis delta:	 1,0000000000e+000	 	 
X-Axis type:	Linear	 	 
X-Axis size:	801	 	 
X-Axis unit:	Hz	 	 
X-Axis first value:	 6,6000000000e+001	 	 
X-Axis delta:	 1,2500000000e-002	 	 
	 	 	 
AmplitudeUnit:	(m/s²)/N	 	 
Analyzer:	FFT_Spectrum_Averaging	 	 
AnalyzerName:	STS FFT Analyzer	 	 
	 	 	 
	 	 	 
Bipolar:	True	 	 
CenterFrequency:	 7,1000000000e+001	 	 
	 	 	 
	 	 	 
	 	 	 
	 	 	 
	 	 	 
	 	 	 
	 	 	 
	 	 	 
Domain:	1	 	 
Function:	Frequency Response	 	 
	 	 	 
	 	 	 
	 	 	 
	 	 	 
MultiBufferName:	Input	 	 
NBW:	 1,5000000000e+000	 	 
	 	 	 
OverlapFailed:	False	 	 
Overrun:	False	 	 
Power:	False	 	 
	 	 	 
Ratio:	True	 	 
RecordLength:	 8,0000000000e+001	 	 
ReducedSize:	True	 	 
Ref_Signal:	ForceTransducer Ref.	 	 
	 	 	 
	 	 	 
RefSignalUnit:	N	 	 
	 	 	 
	 	 	 
Signal:	4507 B 1-x	 	 
	 	 	 
SignalUnit:	m/s²	 	 
	 	 	 
	 	 	 
	 	 	 
Title:	Frequency Response H1(4507 B 1-x,ForceTransducer Ref.) - STS Measurement 1	 	 
Title1:	STS : STS Measurement 1 : Input : STS FFT Analyzer	 	 
	 	 	 
	 	 	 
	 	 	 
ZoomOn:	True	 	 
	 	 	 
TemplateName:	STS	 	 
MeasurementName:	STS Measurement 1	 	 
MeasurementSlice:	False	 	 
	 	 	 
	 	 	 
	 	 	 
EnvelopeOn:	False	 	 
	 	 	 
	 	 	 
	 	 	 
Z-index:	 	1	 
Date:	 	01.03.2016	 
Time:	 	18:13:52:500	 
Relative time:	 	 0,00000e+000	 
Z-axis:	 	 0,0000000000e+000	 
1	 6,6000000000e+001	 2,06040e+001	-4,36273e+000
2	 6,6012500000e+001	 2,06967e+001	-4,37053e+000
3	 6,6025000000e+001	 2,08678e+001	-4,38629e+000
4	 6,6037500000e+001	 2,09464e+001	-4,42443e+000
5	 6,6050000000e+001	 2,10355e+001	-4,36676e+000
6	 6,6062500000e+001	 2,12046e+001	-4,31451e+000
7	 6,6075000000e+001	 2,12941e+001	-4,41021e+000
8	 6,6087500000e+001	 2,12681e+001	-4,46223e+000
9	 6,6100000000e+001	 2,13795e+001	-4,42871e+000
10	 6,6112500000e+001	 2,15460e+001	-4,48260e+000
11	 6,6125000000e+001	 2,17234e+001	-4,42091e+000
12	 6,6137500000e+001	 2,18295e+001	-4,52441e+000
13	 6,6150000000e+001	 2,18878e+001	-4,68104e+000
14	 6,6162500000e+001	 2,19338e+001	-4,65405e+000
15	 6,6175000000e+001	 2,20427e+001	-4,64319e+000
16	 6,6187500000e+001	 2,19937e+001	-4,64254e+000
17	 6,6200000000e+001	 2,22523e+001	-4,72318e+000
18	 6,6212500000e+001	 2,24647e+001	-4,70785e+000
19	 6,6225000000e+001	 2,24893e+001	-4,67525e+000
20	 6,6237500000e+001	 2,26784e+001	-4,72304e+000
21	 6,6250000000e+001	 2,26945e+001	-4,82379e+000
22	 6,6262500000e+001	 2,26449e+001	-4,90897e+000
23	 6,6275000000e+001	 2,29518e+001	-4,90332e+000
24	 6,6287500000e+001	 2,32503e+001	-4,91276e+000
25	 6,6300000000e+001	 2,33225e+001	-4,86896e+000
26	 6,6312500000e+001	 2,33434e+001	-4,78030e+000
27	 6,6325000000e+001	 2,34938e+001	-4,85551e+000
28	 6,6337500000e+001	 2,36465e+001	-4,96248e+000
29	 6,6350000000e+001	 2,36505e+001	-5,06005e+000
30	 6,6362500000e+001	 2,38411e+001	-5,10065e+000
31	 6,6375000000e+001	 2,40145e+001	-5,09190e+000
32	 6,6387500000e+001	 2,41351e+001	-5,20269e+000
33	 6,6400000000e+001	 2,42530e+001	-5,27930e+000
34	 6,6412500000e+001	 2,44002e+001	-5,18881e+000
35	 6,6425000000e+001	 2,44630e+001	-5,25703e+000
36	 6,6437500000e+001	 2,46333e+001	-5,35805e+000
37	 6,6450000000e+001	 2,47443e+001	-5,33283e+000
38	 6,6462500000e+001	 2,48651e+001	-5,25629e+000
39	 6,6475000000e+001	 2,49423e+001	-5,30845e+000
40	 6,6487500000e+001	 2,48930e+001	-5,30102e+000
41	 6,6500000000e+001	 2,51319e+001	-5,28764e+000
42	 6,6512500000e+001	 2,54174e+001	-5,50124e+000
43	 6,6525000000e+001	 2,55322e+001	-5,54283e+000
44	 6,6537500000e+001	 2,56755e+001	-5,52662e+000
45	 6,6550000000e+001	 2,57999e+001	-5,44588e+000
46	 6,6562500000e+001	 2,58209e+001	-5,53916e+000
47	 6,6575000000e+001	 2,59182e+001	-5,69799e+000
48	 6,6587500000e+001	 2,61217e+001	-5,67755e+000
49	 6,6600000000e+001	 2,63111e+001	-5,66322e+000
50	 6,6612500000e+001	 2,63970e+001	-5,72152e+000
51	 6,6625000000e+001	 2,65327e+001	-5,86409e+000
52	 6,6637500000e+001	 2,67477e+001	-5,95891e+000
53	 6,6650000000e+001	 2,70315e+001	-5,86377e+000
54	 6,6662500000e+001	 2,70940e+001	-5,87305e+000
55	 6,6675000000e+001	 2,71505e+001	-5,95131e+000
56	 6,6687500000e+001	 2,73807e+001	-6,08802e+000
57	 6,6700000000e+001	 2,72845e+001	-6,16659e+000
58	 6,6712500000e+001	 2,73528e+001	-6,14227e+000
59	 6,6725000000e+001	 2,75810e+001	-6,14005e+000
60	 6,6737500000e+001	 2,78227e+001	-6,11659e+000
61	 6,6750000000e+001	 2,80383e+001	-6,12642e+000
62	 6,6762500000e+001	 2,80755e+001	-6,28486e+000
63	 6,6775000000e+001	 2,81124e+001	-6,26703e+000
64	 6,6787500000e+001	 2,84891e+001	-6,48596e+000
65	 6,6800000000e+001	 2,86372e+001	-6,50585e+000
66	 6,6812500000e+001	 2,86292e+001	-6,53344e+000
67	 6,6825000000e+001	 2,87879e+001	-6,51041e+000
68	 6,6837500000e+001	 2,90225e+001	-6,55060e+000
69	 6,6850000000e+001	 2,91131e+001	-6,54181e+000
70	 6,6862500000e+001	 2,91563e+001	-6,56624e+000
71	 6,6875000000e+001	 2,93306e+001	-6,55724e+000
72	 6,6887500000e+001	 2,95662e+001	-6,59174e+000
73	 6,6900000000e+001	 2,97319e+001	-6,76689e+000
74	 6,6912500000e+001	 2,98352e+001	-6,82524e+000
75	 6,6925000000e+001	 3,00397e+001	-6,79157e+000
76	 6,6937500000e+001	 3,01021e+001	-6,78804e+000
77	 6,6950000000e+001	 3,03624e+001	-7,06536e+000
78	 6,6962500000e+001	 3,05300e+001	-7,12689e+000
79	 6,6975000000e+001	 3,06885e+001	-7,20928e+000
80	 6,6987500000e+001	 3,09087e+001	-7,04751e+000
81	 6,7000000000e+001	 3,10374e+001	-6,96901e+000
82	 6,7012500000e+001	 3,09947e+001	-6,98528e+000
83	 6,7025000000e+001	 3,10512e+001	-6,89771e+000
84	 6,7037500000e+001	 3,14272e+001	-7,10436e+000
85	 6,7050000000e+001	 3,15122e+001	-7,27940e+000
86	 6,7062500000e+001	 3,16867e+001	-7,42926e+000
87	 6,7075000000e+001	 3,18795e+001	-7,47920e+000
88	 6,7087500000e+001	 3,21612e+001	-7,46674e+000
89	 6,7100000000e+001	 3,23499e+001	-7,43674e+000
90	 6,7112500000e+001	 3,24266e+001	-7,49860e+000
91	 6,7125000000e+001	 3,24338e+001	-7,30903e+000
92	 6,7137500000e+001	 3,28426e+001	-7,36784e+000
93	 6,7150000000e+001	 3,31219e+001	-7,73869e+000
94	 6,7162500000e+001	 3,31218e+001	-7,76413e+000
95	 6,7175000000e+001	 3,31843e+001	-7,90584e+000
96	 6,7187500000e+001	 3,34090e+001	-7,89288e+000
97	 6,7200000000e+001	 3,35965e+001	-7,92218e+000
98	 6,7212500000e+001	 3,36352e+001	-7,94572e+000
99	 6,7225000000e+001	 3,38562e+001	-8,15254e+000
100	 6,7237500000e+001	 3,41560e+001	-8,18845e+000
101	 6,7250000000e+001	 3,44214e+001	-8,01738e+000
102	 6,7262500000e+001	 3,46049e+001	-8,07805e+000
103	 6,7275000000e+001	 3,47547e+001	-8,33748e+000
104	 6,7287500000e+001	 3,49468e+001	-8,37993e+000
105	 6,7300000000e+001	 3,49853e+001	-8,45315e+000
106	 6,7312500000e+001	 3,52102e+001	-8,65880e+000
107	 6,7325000000e+001	 3,55174e+001	-8,27719e+000
108	 6,7337500000e+001	 3,56074e+001	-8,40232e+000
109	 6,7350000000e+001	 3,58428e+001	-8,57246e+000
110	 6,7362500000e+001	 3,58808e+001	-8,49506e+000
111	 6,7375000000e+001	 3,60567e+001	-8,46712e+000
112	 6,7387500000e+001	 3,63200e+001	-8,83562e+000
113	 6,7400000000e+001	 3,67190e+001	-9,21741e+000
114	 6,7412500000e+001	 3,67908e+001	-9,21197e+000
115	 6,7425000000e+001	 3,70073e+001	-8,97365e+000
116	 6,7437500000e+001	 3,72514e+001	-8,94524e+000
117	 6,7450000000e+001	 3,75645e+001	-9,18733e+000
118	 6,7462500000e+001	 3,74330e+001	-9,23499e+000
119	 6,7475000000e+001	 3,78647e+001	-9,24619e+000
120	 6,7487500000e+001	 3,81406e+001	-9,43135e+000
121	 6,7500000000e+001	 3,82431e+001	-9,51785e+000
122	 6,7512500000e+001	 3,82989e+001	-9,56530e+000
123	 6,7525000000e+001	 3,85512e+001	-9,70150e+000
124	 6,7537500000e+001	 3,87249e+001	-9,68206e+000
125	 6,7550000000e+001	 3,89404e+001	-9,62155e+000
126	 6,7562500000e+001	 3,89102e+001	-9,80125e+000
127	 6,7575000000e+001	 3,94863e+001	-9,82964e+000
128	 6,7587500000e+001	 3,96671e+001	-9,94812e+000
129	 6,7600000000e+001	 3,96455e+001	-9,86439e+000
130	 6,7612500000e+001	 3,98645e+001	-1,00947e+001
131	 6,7625000000e+001	 4,05873e+001	-1,04080e+001
132	 6,7637500000e+001	 4,05010e+001	-1,03915e+001
133	 6,7650000000e+001	 4,01898e+001	-1,02769e+001
134	 6,7662500000e+001	 4,05987e+001	-1,00746e+001
135	 6,7675000000e+001	 4,07744e+001	-1,03329e+001
136	 6,7687500000e+001	 4,10614e+001	-1,06232e+001
137	 6,7700000000e+001	 4,13145e+001	-1,03909e+001
138	 6,7712500000e+001	 4,15034e+001	-1,03710e+001
139	 6,7725000000e+001	 4,16850e+001	-1,09378e+001
140	 6,7737500000e+001	 4,19503e+001	-1,09197e+001
141	 6,7750000000e+001	 4,22187e+001	-1,07901e+001
142	 6,7762500000e+001	 4,25815e+001	-1,08165e+001
143	 6,7775000000e+001	 4,29524e+001	-1,12224e+001
144	 6,7787500000e+001	 4,32604e+001	-1,13001e+001
145	 6,7800000000e+001	 4,33297e+001	-1,14696e+001
146	 6,7812500000e+001	 4,34430e+001	-1,15890e+001
147	 6,7825000000e+001	 4,40892e+001	-1,17366e+001
148	 6,7837500000e+001	 4,45219e+001	-1,19601e+001
149	 6,7850000000e+001	 4,43221e+001	-1,19222e+001
150	 6,7862500000e+001	 4,44654e+001	-1,18429e+001
151	 6,7875000000e+001	 4,46453e+001	-1,22940e+001
152	 6,7887500000e+001	 4,49772e+001	-1,26889e+001
153	 6,7900000000e+001	 4,52596e+001	-1,24389e+001
154	 6,7912500000e+001	 4,57249e+001	-1,22454e+001
155	 6,7925000000e+001	 4,57700e+001	-1,23631e+001
156	 6,7937500000e+001	 4,57717e+001	-1,24695e+001
157	 6,7950000000e+001	 4,59693e+001	-1,24599e+001
158	 6,7962500000e+001	 4,68234e+001	-1,28195e+001
159	 6,7975000000e+001	 4,69737e+001	-1,29785e+001
160	 6,7987500000e+001	 4,68459e+001	-1,30716e+001
161	 6,8000000000e+001	 4,71162e+001	-1,33064e+001
162	 6,8012500000e+001	 4,74998e+001	-1,31520e+001
163	 6,8025000000e+001	 4,76717e+001	-1,32272e+001
164	 6,8037500000e+001	 4,83655e+001	-1,31161e+001
165	 6,8050000000e+001	 4,90332e+001	-1,32548e+001
166	 6,8062500000e+001	 4,90328e+001	-1,37546e+001
167	 6,8075000000e+001	 4,90215e+001	-1,37651e+001
168	 6,8087500000e+001	 4,93025e+001	-1,39769e+001
169	 6,8100000000e+001	 4,95113e+001	-1,41532e+001
170	 6,8112500000e+001	 4,97825e+001	-1,38963e+001
171	 6,8125000000e+001	 5,02296e+001	-1,39324e+001
172	 6,8137500000e+001	 5,07001e+001	-1,39845e+001
173	 6,8150000000e+001	 5,07397e+001	-1,44741e+001
174	 6,8162500000e+001	 5,12360e+001	-1,51493e+001
175	 6,8175000000e+001	 5,15971e+001	-1,52311e+001
176	 6,8187500000e+001	 5,18733e+001	-1,47425e+001
177	 6,8200000000e+001	 5,19938e+001	-1,52395e+001
178	 6,8212500000e+001	 5,22857e+001	-1,49632e+001
179	 6,8225000000e+001	 5,25548e+001	-1,49757e+001
180	 6,8237500000e+001	 5,26942e+001	-1,53146e+001
181	 6,8250000000e+001	 5,28244e+001	-1,55564e+001
182	 6,8262500000e+001	 5,31930e+001	-1,59440e+001
183	 6,8275000000e+001	 5,40541e+001	-1,62531e+001
184	 6,8287500000e+001	 5,41748e+001	-1,59913e+001
185	 6,8300000000e+001	 5,46587e+001	-1,60694e+001
186	 6,8312500000e+001	 5,48543e+001	-1,62552e+001
187	 6,8325000000e+001	 5,48152e+001	-1,67930e+001
188	 6,8337500000e+001	 5,53264e+001	-1,67786e+001
189	 6,8350000000e+001	 5,57657e+001	-1,68081e+001
190	 6,8362500000e+001	 5,59496e+001	-1,67482e+001
191	 6,8375000000e+001	 5,63366e+001	-1,69573e+001
192	 6,8387500000e+001	 5,67745e+001	-1,71070e+001
193	 6,8400000000e+001	 5,69767e+001	-1,70706e+001
194	 6,8412500000e+001	 5,71951e+001	-1,69978e+001
195	 6,8425000000e+001	 5,73772e+001	-1,72027e+001
196	 6,8437500000e+001	 5,77219e+001	-1,78243e+001
197	 6,8450000000e+001	 5,83013e+001	-1,80116e+001
198	 6,8462500000e+001	 5,84961e+001	-1,81350e+001
199	 6,8475000000e+001	 5,92782e+001	-1,79505e+001
200	 6,8487500000e+001	 5,91361e+001	-1,82642e+001
201	 6,8500000000e+001	 6,04235e+001	-1,87817e+001
202	 6,8512500000e+001	 6,02920e+001	-1,84685e+001
203	 6,8525000000e+001	 6,01547e+001	-1,87018e+001
204	 6,8537500000e+001	 6,04994e+001	-1,94009e+001
205	 6,8550000000e+001	 6,13777e+001	-1,90725e+001
206	 6,8562500000e+001	 6,15121e+001	-1,93695e+001
207	 6,8575000000e+001	 6,20320e+001	-1,95563e+001
208	 6,8587500000e+001	 6,20701e+001	-1,89337e+001
209	 6,8600000000e+001	 6,32422e+001	-1,98162e+001
210	 6,8612500000e+001	 6,37049e+001	-2,01672e+001
211	 6,8625000000e+001	 6,38942e+001	-2,01914e+001
212	 6,8637500000e+001	 6,43763e+001	-2,04745e+001
213	 6,8650000000e+001	 6,46908e+001	-2,07474e+001
214	 6,8662500000e+001	 6,49881e+001	-2,13202e+001
215	 6,8675000000e+001	 6,51667e+001	-2,12151e+001
216	 6,8687500000e+001	 6,59350e+001	-2,11101e+001
217	 6,8700000000e+001	 6,64426e+001	-2,16063e+001
218	 6,8712500000e+001	 6,71239e+001	-2,19902e+001
219	 6,8725000000e+001	 6,76664e+001	-2,23951e+001
220	 6,8737500000e+001	 6,81272e+001	-2,30195e+001
221	 6,8750000000e+001	 6,79996e+001	-2,38117e+001
222	 6,8762500000e+001	 6,76511e+001	-2,35650e+001
223	 6,8775000000e+001	 6,79180e+001	-2,34481e+001
224	 6,8787500000e+001	 6,82398e+001	-2,37830e+001
225	 6,8800000000e+001	 6,92644e+001	-2,40565e+001
226	 6,8812500000e+001	 7,03694e+001	-2,41292e+001
227	 6,8825000000e+001	 7,01443e+001	-2,41333e+001
228	 6,8837500000e+001	 7,06606e+001	-2,46315e+001
229	 6,8850000000e+001	 7,12630e+001	-2,53342e+001
230	 6,8862500000e+001	 7,19814e+001	-2,56872e+001
231	 6,8875000000e+001	 7,21191e+001	-2,59202e+001
232	 6,8887500000e+001	 7,28633e+001	-2,63225e+001
233	 6,8900000000e+001	 7,32290e+001	-2,52596e+001
234	 6,8912500000e+001	 7,32792e+001	-2,53153e+001
235	 6,8925000000e+001	 7,41293e+001	-2,55840e+001
236	 6,8937500000e+001	 7,45701e+001	-2,64529e+001
237	 6,8950000000e+001	 7,44277e+001	-2,68216e+001
238	 6,8962500000e+001	 7,50017e+001	-2,68518e+001
239	 6,8975000000e+001	 7,58691e+001	-2,74732e+001
240	 6,8987500000e+001	 7,62096e+001	-2,82945e+001
241	 6,9000000000e+001	 7,67525e+001	-2,73017e+001
242	 6,9012500000e+001	 7,80072e+001	-2,75596e+001
243	 6,9025000000e+001	 7,82678e+001	-2,83301e+001
244	 6,9037500000e+001	 7,82913e+001	-2,95723e+001
245	 6,9050000000e+001	 7,85339e+001	-3,05953e+001
246	 6,9062500000e+001	 7,97549e+001	-3,01979e+001
247	 6,9075000000e+001	 8,04953e+001	-2,92304e+001
248	 6,9087500000e+001	 8,00404e+001	-2,95635e+001
249	 6,9100000000e+001	 8,19324e+001	-3,15110e+001
250	 6,9112500000e+001	 8,23818e+001	-3,15437e+001
251	 6,9125000000e+001	 8,24903e+001	-3,19289e+001
252	 6,9137500000e+001	 8,25056e+001	-3,35042e+001
253	 6,9150000000e+001	 8,27478e+001	-3,39478e+001
254	 6,9162500000e+001	 8,41121e+001	-3,37726e+001
255	 6,9175000000e+001	 8,44893e+001	-3,49714e+001
256	 6,9187500000e+001	 8,46763e+001	-3,50841e+001
257	 6,9200000000e+001	 8,56954e+001	-3,45839e+001
258	 6,9212500000e+001	 8,66740e+001	-3,52075e+001
259	 6,9225000000e+001	 8,80568e+001	-3,55996e+001
260	 6,9237500000e+001	 8,85836e+001	-3,58709e+001
261	 6,9250000000e+001	 8,78781e+001	-3,58021e+001
262	 6,9262500000e+001	 8,87633e+001	-3,59761e+001
263	 6,9275000000e+001	 8,88663e+001	-3,69367e+001
264	 6,9287500000e+001	 9,02532e+001	-3,68302e+001
265	 6,9300000000e+001	 9,11332e+001	-3,78410e+001
266	 6,9312500000e+001	 9,07956e+001	-3,80552e+001
267	 6,9325000000e+001	 9,15278e+001	-3,94548e+001
268	 6,9337500000e+001	 9,21024e+001	-3,95241e+001
269	 6,9350000000e+001	 9,34529e+001	-3,98439e+001
270	 6,9362500000e+001	 9,44794e+001	-4,03650e+001
271	 6,9375000000e+001	 9,53438e+001	-4,06842e+001
272	 6,9387500000e+001	 9,56161e+001	-4,09985e+001
273	 6,9400000000e+001	 9,60728e+001	-4,26483e+001
274	 6,9412500000e+001	 9,69907e+001	-4,44577e+001
275	 6,9425000000e+001	 9,72540e+001	-4,38252e+001
276	 6,9437500000e+001	 9,78955e+001	-4,39892e+001
277	 6,9450000000e+001	 1,00244e+002	-4,61649e+001
278	 6,9462500000e+001	 1,01026e+002	-4,60768e+001
279	 6,9475000000e+001	 1,00971e+002	-4,62252e+001
280	 6,9487500000e+001	 1,01754e+002	-4,68659e+001
281	 6,9500000000e+001	 1,02753e+002	-4,78066e+001
282	 6,9512500000e+001	 1,04432e+002	-4,72975e+001
283	 6,9525000000e+001	 1,05061e+002	-4,66597e+001
284	 6,9537500000e+001	 1,06208e+002	-4,92438e+001
285	 6,9550000000e+001	 1,05815e+002	-5,04456e+001
286	 6,9562500000e+001	 1,06163e+002	-5,12047e+001
287	 6,9575000000e+001	 1,06044e+002	-5,29052e+001
288	 6,9587500000e+001	 1,06357e+002	-5,35921e+001
289	 6,9600000000e+001	 1,08683e+002	-5,32750e+001
290	 6,9612500000e+001	 1,09594e+002	-5,42517e+001
291	 6,9625000000e+001	 1,11194e+002	-5,59593e+001
292	 6,9637500000e+001	 1,13296e+002	-5,59821e+001
293	 6,9650000000e+001	 1,13484e+002	-5,58971e+001
294	 6,9662500000e+001	 1,12659e+002	-5,55912e+001
295	 6,9675000000e+001	 1,13301e+002	-5,65844e+001
296	 6,9687500000e+001	 1,12196e+002	-5,87218e+001
297	 6,9700000000e+001	 1,14287e+002	-5,85504e+001
298	 6,9712500000e+001	 1,17754e+002	-5,94915e+001
299	 6,9725000000e+001	 1,18391e+002	-6,15187e+001
300	 6,9737500000e+001	 1,17632e+002	-6,24277e+001
301	 6,9750000000e+001	 1,19297e+002	-6,21474e+001
302	 6,9762500000e+001	 1,21355e+002	-6,37761e+001
303	 6,9775000000e+001	 1,20104e+002	-6,54141e+001
304	 6,9787500000e+001	 1,20792e+002	-6,64984e+001
305	 6,9800000000e+001	 1,23336e+002	-6,96834e+001
306	 6,9812500000e+001	 1,22966e+002	-7,04311e+001
307	 6,9825000000e+001	 1,24190e+002	-6,97922e+001
308	 6,9837500000e+001	 1,28344e+002	-7,15717e+001
309	 6,9850000000e+001	 1,28266e+002	-7,37746e+001
310	 6,9862500000e+001	 1,27588e+002	-7,15690e+001
311	 6,9875000000e+001	 1,26770e+002	-7,21824e+001
312	 6,9887500000e+001	 1,28661e+002	-7,36509e+001
313	 6,9900000000e+001	 1,30981e+002	-7,67536e+001
314	 6,9912500000e+001	 1,32069e+002	-7,92665e+001
315	 6,9925000000e+001	 1,32733e+002	-8,14818e+001
316	 6,9937500000e+001	 1,33542e+002	-8,27193e+001
317	 6,9950000000e+001	 1,33463e+002	-8,31546e+001
318	 6,9962500000e+001	 1,33907e+002	-8,50393e+001
319	 6,9975000000e+001	 1,36585e+002	-8,61167e+001
320	 6,9987500000e+001	 1,41435e+002	-8,69219e+001
321	 7,0000000000e+001	 1,41407e+002	-8,67976e+001
322	 7,0012500000e+001	 1,42027e+002	-9,10430e+001
323	 7,0025000000e+001	 1,43781e+002	-9,47895e+001
324	 7,0037500000e+001	 1,43006e+002	-9,91563e+001
325	 7,0050000000e+001	 1,44603e+002	-9,76040e+001
326	 7,0062500000e+001	 1,44198e+002	-9,61952e+001
327	 7,0075000000e+001	 1,44734e+002	-9,96031e+001
328	 7,0087500000e+001	 1,46609e+002	-1,02546e+002
329	 7,0100000000e+001	 1,50324e+002	-1,05797e+002
330	 7,0112500000e+001	 1,50803e+002	-1,08593e+002
331	 7,0125000000e+001	 1,50411e+002	-1,13277e+002
332	 7,0137500000e+001	 1,53808e+002	-1,12215e+002
333	 7,0150000000e+001	 1,54708e+002	-1,11221e+002
334	 7,0162500000e+001	 1,56400e+002	-1,09465e+002
335	 7,0175000000e+001	 1,56810e+002	-1,08643e+002
336	 7,0187500000e+001	 1,62237e+002	-1,16041e+002
337	 7,0200000000e+001	 1,61803e+002	-1,23860e+002
338	 7,0212500000e+001	 1,57898e+002	-1,26989e+002
339	 7,0225000000e+001	 1,54259e+002	-1,30341e+002
340	 7,0237500000e+001	 1,58093e+002	-1,33121e+002
341	 7,0250000000e+001	 1,60550e+002	-1,35902e+002
342	 7,0262500000e+001	 1,63163e+002	-1,33837e+002
343	 7,0275000000e+001	 1,61409e+002	-1,36033e+002
344	 7,0287500000e+001	 1,59247e+002	-1,47889e+002
345	 7,0300000000e+001	 1,61912e+002	-1,51577e+002
346	 7,0312500000e+001	 1,64229e+002	-1,48823e+002
347	 7,0325000000e+001	 1,63858e+002	-1,52228e+002
348	 7,0337500000e+001	 1,67634e+002	-1,58084e+002
349	 7,0350000000e+001	 1,71316e+002	-1,60956e+002
350	 7,0362500000e+001	 1,69933e+002	-1,59937e+002
351	 7,0375000000e+001	 1,67747e+002	-1,63618e+002
352	 7,0387500000e+001	 1,70682e+002	-1,67641e+002
353	 7,0400000000e+001	 1,75767e+002	-1,72325e+002
354	 7,0412500000e+001	 1,77179e+002	-1,82467e+002
355	 7,0425000000e+001	 1,78312e+002	-1,82183e+002
356	 7,0437500000e+001	 1,72738e+002	-1,81297e+002
357	 7,0450000000e+001	 1,65735e+002	-1,84116e+002
358	 7,0462500000e+001	 1,61828e+002	-1,87395e+002
359	 7,0475000000e+001	 1,71093e+002	-1,98052e+002
360	 7,0487500000e+001	 1,74136e+002	-2,03997e+002
361	 7,0500000000e+001	 1,65813e+002	-2,05521e+002
362	 7,0512500000e+001	 1,67862e+002	-2,12265e+002
363	 7,0525000000e+001	 1,75106e+002	-2,16320e+002
364	 7,0537500000e+001	 1,70652e+002	-2,23720e+002
365	 7,0550000000e+001	 1,67284e+002	-2,24761e+002
366	 7,0562500000e+001	 1,78039e+002	-2,32219e+002
367	 7,0575000000e+001	 1,80483e+002	-2,39066e+002
368	 7,0587500000e+001	 1,75836e+002	-2,41753e+002
369	 7,0600000000e+001	 1,67668e+002	-2,42846e+002
370	 7,0612500000e+001	 1,64046e+002	-2,53371e+002
371	 7,0625000000e+001	 1,59904e+002	-2,62872e+002
372	 7,0637500000e+001	 1,59550e+002	-2,66723e+002
373	 7,0650000000e+001	 1,55004e+002	-2,60076e+002
374	 7,0662500000e+001	 1,55507e+002	-2,68331e+002
375	 7,0675000000e+001	 1,70632e+002	-2,88071e+002
376	 7,0687500000e+001	 1,56547e+002	-2,89949e+002
377	 7,0700000000e+001	 1,31702e+002	-2,88154e+002
378	 7,0712500000e+001	 1,32183e+002	-3,03818e+002
379	 7,0725000000e+001	 1,43926e+002	-2,98058e+002
380	 7,0737500000e+001	 1,36333e+002	-3,00433e+002
381	 7,0750000000e+001	 1,27396e+002	-3,22873e+002
382	 7,0762500000e+001	 1,29794e+002	-3,28430e+002
383	 7,0775000000e+001	 1,31635e+002	-3,22049e+002
384	 7,0787500000e+001	 1,18491e+002	-3,30266e+002
385	 7,0800000000e+001	 1,06305e+002	-3,36072e+002
386	 7,0812500000e+001	 1,04887e+002	-3,49823e+002
387	 7,0825000000e+001	 9,86686e+001	-3,50427e+002
388	 7,0837500000e+001	 7,08772e+001	-3,48190e+002
389	 7,0850000000e+001	 6,89204e+001	-3,56503e+002
390	 7,0862500000e+001	 7,02572e+001	-3,74407e+002
391	 7,0875000000e+001	 5,55506e+001	-3,89225e+002
392	 7,0887500000e+001	 4,30849e+001	-3,86166e+002
393	 7,0900000000e+001	 3,92784e+001	-3,87524e+002
394	 7,0912500000e+001	 4,53329e+001	-3,93078e+002
395	 7,0925000000e+001	 4,09654e+001	-3,94999e+002
396	 7,0937500000e+001	 3,08115e+001	-3,98216e+002
397	 7,0950000000e+001	 2,54831e+001	-3,75478e+002
398	 7,0962500000e+001	 1,43380e+001	-4,02622e+002
399	 7,0975000000e+001	-2,28524e+000	-4,16139e+002
400	 7,0987500000e+001	 3,20091e+000	-3,96648e+002
401	 7,1000000000e+001	-1,55191e+000	-3,97529e+002
402	 7,1012500000e+001	-8,47434e+000	-3,86483e+002
403	 7,1025000000e+001	-4,08015e+001	-3,85789e+002
404	 7,1037500000e+001	-5,36234e+001	-3,84676e+002
405	 7,1050000000e+001	-4,93381e+001	-3,96653e+002
406	 7,1062500000e+001	-5,81726e+001	-4,00229e+002
407	 7,1075000000e+001	-6,40381e+001	-3,93763e+002
408	 7,1087500000e+001	-7,98208e+001	-3,82567e+002
409	 7,1100000000e+001	-9,55047e+001	-3,82069e+002
410	 7,1112500000e+001	-9,75270e+001	-3,90643e+002
411	 7,1125000000e+001	-8,78909e+001	-3,94197e+002
412	 7,1137500000e+001	-9,33360e+001	-3,78103e+002
413	 7,1150000000e+001	-1,21432e+002	-3,64487e+002
414	 7,1162500000e+001	-1,30085e+002	-3,68386e+002
415	 7,1175000000e+001	-1,35469e+002	-3,63693e+002
416	 7,1187500000e+001	-1,37103e+002	-3,62701e+002
417	 7,1200000000e+001	-1,45296e+002	-3,52366e+002
418	 7,1212500000e+001	-1,37553e+002	-3,51352e+002
419	 7,1225000000e+001	-1,50759e+002	-3,53972e+002
420	 7,1237500000e+001	-1,72403e+002	-3,50265e+002
421	 7,1250000000e+001	-1,70492e+002	-3,40679e+002
422	 7,1262500000e+001	-1,70007e+002	-3,34169e+002
423	 7,1275000000e+001	-1,81007e+002	-3,38043e+002
424	 7,1287500000e+001	-1,88176e+002	-3,10185e+002
425	 7,1300000000e+001	-1,95682e+002	-3,06203e+002
426	 7,1312500000e+001	-1,95778e+002	-3,06848e+002
427	 7,1325000000e+001	-1,96394e+002	-2,98395e+002
428	 7,1337500000e+001	-1,88167e+002	-2,88285e+002
429	 7,1350000000e+001	-2,00880e+002	-2,75103e+002
430	 7,1362500000e+001	-2,08319e+002	-2,80311e+002
431	 7,1375000000e+001	-2,10388e+002	-2,69299e+002
432	 7,1387500000e+001	-2,09472e+002	-2,57771e+002
433	 7,1400000000e+001	-2,12000e+002	-2,58371e+002
434	 7,1412500000e+001	-2,12235e+002	-2,54688e+002
435	 7,1425000000e+001	-2,12879e+002	-2,44136e+002
436	 7,1437500000e+001	-2,25545e+002	-2,43585e+002
437	 7,1450000000e+001	-2,26987e+002	-2,42414e+002
438	 7,1462500000e+001	-2,22839e+002	-2,39295e+002
439	 7,1475000000e+001	-2,20592e+002	-2,26583e+002
440	 7,1487500000e+001	-2,19907e+002	-2,25708e+002
441	 7,1500000000e+001	-2,26720e+002	-2,18196e+002
442	 7,1512500000e+001	-2,35682e+002	-2,07054e+002
443	 7,1525000000e+001	-2,32782e+002	-2,04847e+002
444	 7,1537500000e+001	-2,38761e+002	-2,06996e+002
445	 7,1550000000e+001	-2,37894e+002	-1,97952e+002
446	 7,1562500000e+001	-2,26703e+002	-1,91843e+002
447	 7,1575000000e+001	-2,24966e+002	-1,82695e+002
448	 7,1587500000e+001	-2,28624e+002	-1,80435e+002
449	 7,1600000000e+001	-2,34892e+002	-1,79288e+002
450	 7,1612500000e+001	-2,34449e+002	-1,68106e+002
451	 7,1625000000e+001	-2,27818e+002	-1,66843e+002
452	 7,1637500000e+001	-2,28803e+002	-1,58765e+002
453	 7,1650000000e+001	-2,27867e+002	-1,57570e+002
454	 7,1662500000e+001	-2,28962e+002	-1,56125e+002
455	 7,1675000000e+001	-2,22023e+002	-1,56729e+002
456	 7,1687500000e+001	-2,23414e+002	-1,53881e+002
457	 7,1700000000e+001	-2,23090e+002	-1,52112e+002
458	 7,1712500000e+001	-2,17511e+002	-1,49385e+002
459	 7,1725000000e+001	-2,08650e+002	-1,43029e+002
460	 7,1737500000e+001	-2,14349e+002	-1,33321e+002
461	 7,1750000000e+001	-2,17848e+002	-1,32770e+002
462	 7,1762500000e+001	-2,14880e+002	-1,34125e+002
463	 7,1775000000e+001	-2,17718e+002	-1,34452e+002
464	 7,1787500000e+001	-2,19251e+002	-1,25391e+002
465	 7,1800000000e+001	-2,10771e+002	-1,21104e+002
466	 7,1812500000e+001	-2,12426e+002	-1,16010e+002
467	 7,1825000000e+001	-2,08436e+002	-1,17535e+002
468	 7,1837500000e+001	-2,05963e+002	-1,12042e+002
469	 7,1850000000e+001	-2,07898e+002	-1,09104e+002
470	 7,1862500000e+001	-2,08269e+002	-1,08845e+002
471	 7,1875000000e+001	-2,09866e+002	-1,05009e+002
472	 7,1887500000e+001	-2,07756e+002	-9,86322e+001
473	 7,1900000000e+001	-2,02422e+002	-9,80708e+001
474	 7,1912500000e+001	-2,00040e+002	-9,71490e+001
475	 7,1925000000e+001	-1,99887e+002	-9,79371e+001
476	 7,1937500000e+001	-1,99617e+002	-9,87273e+001
477	 7,1950000000e+001	-1,93270e+002	-9,60597e+001
478	 7,1962500000e+001	-1,92524e+002	-9,13306e+001
479	 7,1975000000e+001	-1,97254e+002	-9,15651e+001
480	 7,1987500000e+001	-1,99151e+002	-8,89270e+001
481	 7,2000000000e+001	-1,96742e+002	-8,14994e+001
482	 7,2012500000e+001	-1,94156e+002	-7,67354e+001
483	 7,2025000000e+001	-1,88688e+002	-8,09338e+001
484	 7,2037500000e+001	-1,85845e+002	-8,41259e+001
485	 7,2050000000e+001	-1,88409e+002	-8,31986e+001
486	 7,2062500000e+001	-1,88458e+002	-7,88091e+001
487	 7,2075000000e+001	-1,85674e+002	-7,73740e+001
488	 7,2087500000e+001	-1,85169e+002	-7,53130e+001
489	 7,2100000000e+001	-1,84782e+002	-7,56396e+001
490	 7,2112500000e+001	-1,82506e+002	-7,06025e+001
491	 7,2125000000e+001	-1,78548e+002	-6,92321e+001
492	 7,2137500000e+001	-1,76290e+002	-7,13189e+001
493	 7,2150000000e+001	-1,75906e+002	-6,79901e+001
494	 7,2162500000e+001	-1,75459e+002	-6,45317e+001
495	 7,2175000000e+001	-1,73885e+002	-6,41417e+001
496	 7,2187500000e+001	-1,74768e+002	-6,41274e+001
497	 7,2200000000e+001	-1,76179e+002	-6,49447e+001
498	 7,2212500000e+001	-1,73772e+002	-6,41992e+001
499	 7,2225000000e+001	-1,68076e+002	-6,13930e+001
500	 7,2237500000e+001	-1,70151e+002	-5,71166e+001
501	 7,2250000000e+001	-1,72445e+002	-5,91703e+001
502	 7,2262500000e+001	-1,74221e+002	-5,85803e+001
503	 7,2275000000e+001	-1,69047e+002	-5,49606e+001
504	 7,2287500000e+001	-1,67384e+002	-5,30653e+001
505	 7,2300000000e+001	-1,65593e+002	-5,14012e+001
506	 7,2312500000e+001	-1,63688e+002	-5,20232e+001
507	 7,2325000000e+001	-1,64221e+002	-5,20598e+001
508	 7,2337500000e+001	-1,63560e+002	-5,02620e+001
509	 7,2350000000e+001	-1,63083e+002	-4,94838e+001
510	 7,2362500000e+001	-1,62519e+002	-4,94465e+001
511	 7,2375000000e+001	-1,58161e+002	-4,85465e+001
512	 7,2387500000e+001	-1,57793e+002	-4,78018e+001
513	 7,2400000000e+001	-1,57672e+002	-4,75361e+001
514	 7,2412500000e+001	-1,55622e+002	-4,62610e+001
515	 7,2425000000e+001	-1,55793e+002	-4,53846e+001
516	 7,2437500000e+001	-1,57035e+002	-4,26258e+001
517	 7,2450000000e+001	-1,57076e+002	-4,23683e+001
518	 7,2462500000e+001	-1,54947e+002	-4,12371e+001
519	 7,2475000000e+001	-1,52716e+002	-4,23734e+001
520	 7,2487500000e+001	-1,49665e+002	-4,03483e+001
521	 7,2500000000e+001	-1,49453e+002	-3,93694e+001
522	 7,2512500000e+001	-1,50315e+002	-3,92046e+001
523	 7,2525000000e+001	-1,49474e+002	-3,87203e+001
524	 7,2537500000e+001	-1,48908e+002	-3,95587e+001
525	 7,2550000000e+001	-1,47629e+002	-4,01185e+001
526	 7,2562500000e+001	-1,46008e+002	-3,92406e+001
527	 7,2575000000e+001	-1,44207e+002	-3,67454e+001
528	 7,2587500000e+001	-1,44347e+002	-3,67138e+001
529	 7,2600000000e+001	-1,42121e+002	-3,59307e+001
530	 7,2612500000e+001	-1,41434e+002	-3,60747e+001
531	 7,2625000000e+001	-1,40694e+002	-3,60242e+001
532	 7,2637500000e+001	-1,41167e+002	-3,55637e+001
533	 7,2650000000e+001	-1,41303e+002	-3,39485e+001
534	 7,2662500000e+001	-1,40564e+002	-3,39641e+001
535	 7,2675000000e+001	-1,39218e+002	-3,37981e+001
536	 7,2687500000e+001	-1,38124e+002	-3,33495e+001
537	 7,2700000000e+001	-1,36958e+002	-3,18651e+001
538	 7,2712500000e+001	-1,36028e+002	-3,18486e+001
539	 7,2725000000e+001	-1,36857e+002	-3,05474e+001
540	 7,2737500000e+001	-1,36684e+002	-3,06174e+001
541	 7,2750000000e+001	-1,36371e+002	-3,03456e+001
542	 7,2762500000e+001	-1,35617e+002	-3,04505e+001
543	 7,2775000000e+001	-1,32852e+002	-3,08420e+001
544	 7,2787500000e+001	-1,32929e+002	-3,03321e+001
545	 7,2800000000e+001	-1,31899e+002	-2,83458e+001
546	 7,2812500000e+001	-1,31780e+002	-2,73725e+001
547	 7,2825000000e+001	-1,31060e+002	-2,65364e+001
548	 7,2837500000e+001	-1,31732e+002	-2,58274e+001
549	 7,2850000000e+001	-1,31278e+002	-2,53334e+001
550	 7,2862500000e+001	-1,30022e+002	-2,47914e+001
551	 7,2875000000e+001	-1,29190e+002	-2,48990e+001
552	 7,2887500000e+001	-1,28312e+002	-2,58932e+001
553	 7,2900000000e+001	-1,26794e+002	-2,59571e+001
554	 7,2912500000e+001	-1,26377e+002	-2,49501e+001
555	 7,2925000000e+001	-1,25763e+002	-2,45844e+001
556	 7,2937500000e+001	-1,24550e+002	-2,49021e+001
557	 7,2950000000e+001	-1,24734e+002	-2,43617e+001
558	 7,2962500000e+001	-1,23103e+002	-2,33624e+001
559	 7,2975000000e+001	-1,21447e+002	-2,30267e+001
560	 7,2987500000e+001	-1,20502e+002	-2,31363e+001
561	 7,3000000000e+001	-1,21680e+002	-2,32179e+001
562	 7,3012500000e+001	-1,22294e+002	-2,18507e+001
563	 7,3025000000e+001	-1,22426e+002	-2,18257e+001
564	 7,3037500000e+001	-1,20165e+002	-2,16076e+001
565	 7,3050000000e+001	-1,19301e+002	-2,11701e+001
566	 7,3062500000e+001	-1,18797e+002	-2,25119e+001
567	 7,3075000000e+001	-1,18289e+002	-2,10664e+001
568	 7,3087500000e+001	-1,18405e+002	-2,11081e+001
569	 7,3100000000e+001	-1,17412e+002	-2,11897e+001
570	 7,3112500000e+001	-1,17209e+002	-2,09526e+001
571	 7,3125000000e+001	-1,17033e+002	-2,07828e+001
572	 7,3137500000e+001	-1,16737e+002	-1,97658e+001
573	 7,3150000000e+001	-1,16805e+002	-1,95228e+001
574	 7,3162500000e+001	-1,15923e+002	-1,93864e+001
575	 7,3175000000e+001	-1,15207e+002	-1,79848e+001
576	 7,3187500000e+001	-1,14116e+002	-1,80551e+001
577	 7,3200000000e+001	-1,13871e+002	-1,91014e+001
578	 7,3212500000e+001	-1,13406e+002	-1,92018e+001
579	 7,3225000000e+001	-1,12305e+002	-1,87961e+001
580	 7,3237500000e+001	-1,12382e+002	-1,83879e+001
581	 7,3250000000e+001	-1,11896e+002	-1,84510e+001
582	 7,3262500000e+001	-1,11565e+002	-1,81166e+001
583	 7,3275000000e+001	-1,11895e+002	-1,80167e+001
584	 7,3287500000e+001	-1,11089e+002	-1,67255e+001
585	 7,3300000000e+001	-1,10162e+002	-1,67200e+001
586	 7,3312500000e+001	-1,10270e+002	-1,67745e+001
587	 7,3325000000e+001	-1,09518e+002	-1,72615e+001
588	 7,3337500000e+001	-1,08499e+002	-1,66469e+001
589	 7,3350000000e+001	-1,08362e+002	-1,64456e+001
590	 7,3362500000e+001	-1,08307e+002	-1,65400e+001
591	 7,3375000000e+001	-1,08223e+002	-1,57275e+001
592	 7,3387500000e+001	-1,06713e+002	-1,54643e+001
593	 7,3400000000e+001	-1,05877e+002	-1,48917e+001
594	 7,3412500000e+001	-1,05464e+002	-1,55894e+001
595	 7,3425000000e+001	-1,05371e+002	-1,52778e+001
596	 7,3437500000e+001	-1,04906e+002	-1,50344e+001
597	 7,3450000000e+001	-1,04480e+002	-1,48126e+001
598	 7,3462500000e+001	-1,04714e+002	-1,48130e+001
599	 7,3475000000e+001	-1,04652e+002	-1,46506e+001
600	 7,3487500000e+001	-1,04043e+002	-1,47435e+001
601	 7,3500000000e+001	-1,02814e+002	-1,40464e+001
602	 7,3512500000e+001	-1,02939e+002	-1,40770e+001
603	 7,3525000000e+001	-1,02770e+002	-1,36119e+001
604	 7,3537500000e+001	-1,02683e+002	-1,34379e+001
605	 7,3550000000e+001	-1,02616e+002	-1,32035e+001
606	 7,3562500000e+001	-1,02143e+002	-1,31951e+001
607	 7,3575000000e+001	-1,01139e+002	-1,27456e+001
608	 7,3587500000e+001	-1,00457e+002	-1,22703e+001
609	 7,3600000000e+001	-1,00653e+002	-1,34359e+001
610	 7,3612500000e+001	-1,00396e+002	-1,36474e+001
611	 7,3625000000e+001	-9,97456e+001	-1,34510e+001
612	 7,3637500000e+001	-9,86317e+001	-1,34859e+001
613	 7,3650000000e+001	-9,82588e+001	-1,26603e+001
614	 7,3662500000e+001	-9,86905e+001	-1,27257e+001
615	 7,3675000000e+001	-9,81311e+001	-1,25854e+001
616	 7,3687500000e+001	-9,79531e+001	-1,23898e+001
617	 7,3700000000e+001	-9,81008e+001	-1,22042e+001
618	 7,3712500000e+001	-9,76548e+001	-1,20266e+001
619	 7,3725000000e+001	-9,76440e+001	-1,22266e+001
620	 7,3737500000e+001	-9,69917e+001	-1,17093e+001
621	 7,3750000000e+001	-9,64638e+001	-1,08393e+001
622	 7,3762500000e+001	-9,64206e+001	-1,13002e+001
623	 7,3775000000e+001	-9,57367e+001	-1,11808e+001
624	 7,3787500000e+001	-9,48993e+001	-1,04226e+001
625	 7,3800000000e+001	-9,42333e+001	-1,14052e+001
626	 7,3812500000e+001	-9,43515e+001	-1,14910e+001
627	 7,3825000000e+001	-9,42611e+001	-1,12789e+001
628	 7,3837500000e+001	-9,40286e+001	-1,10381e+001
629	 7,3850000000e+001	-9,33571e+001	-1,06311e+001
630	 7,3862500000e+001	-9,32575e+001	-1,04428e+001
631	 7,3875000000e+001	-9,24189e+001	-1,10417e+001
632	 7,3887500000e+001	-9,22573e+001	-1,07087e+001
633	 7,3900000000e+001	-9,28300e+001	-1,07101e+001
634	 7,3912500000e+001	-9,26674e+001	-1,10140e+001
635	 7,3925000000e+001	-9,21944e+001	-1,12020e+001
636	 7,3937500000e+001	-9,18470e+001	-1,00495e+001
637	 7,3950000000e+001	-9,17765e+001	-9,82915e+000
638	 7,3962500000e+001	-9,13195e+001	-9,74339e+000
639	 7,3975000000e+001	-9,10698e+001	-9,59091e+000
640	 7,3987500000e+001	-9,11136e+001	-9,53268e+000
641	 7,4000000000e+001	-9,05064e+001	-9,94033e+000
642	 7,4012500000e+001	-8,99080e+001	-1,00573e+001
643	 7,4025000000e+001	-8,95885e+001	-9,19749e+000
644	 7,4037500000e+001	-8,97545e+001	-9,32898e+000
645	 7,4050000000e+001	-8,97465e+001	-9,40164e+000
646	 7,4062500000e+001	-8,91105e+001	-9,38439e+000
647	 7,4075000000e+001	-8,91133e+001	-9,64705e+000
648	 7,4087500000e+001	-8,87435e+001	-9,94681e+000
649	 7,4100000000e+001	-8,83701e+001	-9,01494e+000
650	 7,4112500000e+001	-8,77544e+001	-8,80008e+000
651	 7,4125000000e+001	-8,72305e+001	-8,91350e+000
652	 7,4137500000e+001	-8,72344e+001	-8,82309e+000
653	 7,4150000000e+001	-8,69493e+001	-8,45422e+000
654	 7,4162500000e+001	-8,66464e+001	-7,64244e+000
655	 7,4175000000e+001	-8,66648e+001	-8,05586e+000
656	 7,4187500000e+001	-8,63192e+001	-8,39822e+000
657	 7,4200000000e+001	-8,62927e+001	-8,28157e+000
658	 7,4212500000e+001	-8,60301e+001	-7,85705e+000
659	 7,4225000000e+001	-8,60643e+001	-7,71737e+000
660	 7,4237500000e+001	-8,64345e+001	-7,95452e+000
661	 7,4250000000e+001	-8,54655e+001	-8,12709e+000
662	 7,4262500000e+001	-8,42859e+001	-7,83216e+000
663	 7,4275000000e+001	-8,45811e+001	-7,39367e+000
664	 7,4287500000e+001	-8,42867e+001	-7,92012e+000
665	 7,4300000000e+001	-8,46035e+001	-7,69603e+000
666	 7,4312500000e+001	-8,42419e+001	-7,59083e+000
667	 7,4325000000e+001	-8,39424e+001	-7,20568e+000
668	 7,4337500000e+001	-8,41010e+001	-6,77638e+000
669	 7,4350000000e+001	-8,35733e+001	-7,52586e+000
670	 7,4362500000e+001	-8,33907e+001	-7,59404e+000
671	 7,4375000000e+001	-8,30400e+001	-7,50947e+000
672	 7,4387500000e+001	-8,29261e+001	-7,51327e+000
673	 7,4400000000e+001	-8,26573e+001	-7,03434e+000
674	 7,4412500000e+001	-8,23415e+001	-6,86097e+000
675	 7,4425000000e+001	-8,24092e+001	-7,39488e+000
676	 7,4437500000e+001	-8,20451e+001	-7,24109e+000
677	 7,4450000000e+001	-8,16751e+001	-7,14864e+000
678	 7,4462500000e+001	-8,12425e+001	-7,32911e+000
679	 7,4475000000e+001	-8,11944e+001	-7,29234e+000
680	 7,4487500000e+001	-8,12538e+001	-7,39872e+000
681	 7,4500000000e+001	-8,09799e+001	-6,55697e+000
682	 7,4512500000e+001	-8,07030e+001	-6,51633e+000
683	 7,4525000000e+001	-8,06427e+001	-6,46476e+000
684	 7,4537500000e+001	-8,06100e+001	-6,15777e+000
685	 7,4550000000e+001	-8,01031e+001	-6,61595e+000
686	 7,4562500000e+001	-7,96694e+001	-6,93526e+000
687	 7,4575000000e+001	-7,94070e+001	-6,56523e+000
688	 7,4587500000e+001	-7,91949e+001	-6,32180e+000
689	 7,4600000000e+001	-7,92985e+001	-6,59260e+000
690	 7,4612500000e+001	-7,92961e+001	-6,26491e+000
691	 7,4625000000e+001	-7,92311e+001	-6,44236e+000
692	 7,4637500000e+001	-7,83048e+001	-6,51383e+000
693	 7,4650000000e+001	-7,81636e+001	-6,18723e+000
694	 7,4662500000e+001	-7,83404e+001	-5,99714e+000
695	 7,4675000000e+001	-7,78790e+001	-5,95946e+000
696	 7,4687500000e+001	-7,77322e+001	-6,20569e+000
697	 7,4700000000e+001	-7,79506e+001	-6,25733e+000
698	 7,4712500000e+001	-7,75540e+001	-6,37616e+000
699	 7,4725000000e+001	-7,73423e+001	-5,91507e+000
700	 7,4737500000e+001	-7,72508e+001	-6,00851e+000
701	 7,4750000000e+001	-7,71900e+001	-6,02752e+000
702	 7,4762500000e+001	-7,67893e+001	-6,02046e+000
703	 7,4775000000e+001	-7,62324e+001	-5,47414e+000
704	 7,4787500000e+001	-7,61989e+001	-5,33853e+000
705	 7,4800000000e+001	-7,59137e+001	-5,62323e+000
706	 7,4812500000e+001	-7,54491e+001	-5,67330e+000
707	 7,4825000000e+001	-7,59092e+001	-5,39686e+000
708	 7,4837500000e+001	-7,60643e+001	-5,28482e+000
709	 7,4850000000e+001	-7,57799e+001	-5,15244e+000
710	 7,4862500000e+001	-7,54755e+001	-5,36247e+000
711	 7,4875000000e+001	-7,50396e+001	-5,24767e+000
712	 7,4887500000e+001	-7,49978e+001	-5,10480e+000
713	 7,4900000000e+001	-7,46536e+001	-5,26867e+000
714	 7,4912500000e+001	-7,43541e+001	-5,14396e+000
715	 7,4925000000e+001	-7,40236e+001	-5,05827e+000
716	 7,4937500000e+001	-7,41821e+001	-5,20331e+000
717	 7,4950000000e+001	-7,44047e+001	-5,07072e+000
718	 7,4962500000e+001	-7,41850e+001	-4,94339e+000
719	 7,4975000000e+001	-7,40490e+001	-5,04797e+000
720	 7,4987500000e+001	-7,37454e+001	-5,07067e+000
721	 7,5000000000e+001	-7,34114e+001	-5,08033e+000
722	 7,5012500000e+001	-7,32841e+001	-4,99714e+000
723	 7,5025000000e+001	-7,32034e+001	-5,13266e+000
724	 7,5037500000e+001	-7,34225e+001	-5,22816e+000
725	 7,5050000000e+001	-7,30016e+001	-4,76467e+000
726	 7,5062500000e+001	-7,28138e+001	-4,70489e+000
727	 7,5075000000e+001	-7,27749e+001	-4,76771e+000
728	 7,5087500000e+001	-7,27345e+001	-4,72741e+000
729	 7,5100000000e+001	-7,24608e+001	-4,36273e+000
730	 7,5112500000e+001	-7,21683e+001	-4,54972e+000
731	 7,5125000000e+001	-7,19977e+001	-4,83132e+000
732	 7,5137500000e+001	-7,20041e+001	-4,62240e+000
733	 7,5150000000e+001	-7,18639e+001	-4,44055e+000
734	 7,5162500000e+001	-7,16866e+001	-4,59443e+000
735	 7,5175000000e+001	-7,13665e+001	-4,08489e+000
736	 7,5187500000e+001	-7,12598e+001	-4,40809e+000
737	 7,5200000000e+001	-7,09668e+001	-4,35088e+000
738	 7,5212500000e+001	-7,09439e+001	-4,28014e+000
739	 7,5225000000e+001	-7,11192e+001	-4,34597e+000
740	 7,5237500000e+001	-7,09038e+001	-4,23919e+000
741	 7,5250000000e+001	-7,06233e+001	-4,33119e+000
742	 7,5262500000e+001	-7,03901e+001	-4,43789e+000
743	 7,5275000000e+001	-7,02448e+001	-4,34803e+000
744	 7,5287500000e+001	-7,01119e+001	-4,45256e+000
745	 7,5300000000e+001	-7,00033e+001	-4,29577e+000
746	 7,5312500000e+001	-6,99783e+001	-4,06106e+000
747	 7,5325000000e+001	-6,97102e+001	-4,05431e+000
748	 7,5337500000e+001	-6,95497e+001	-4,15480e+000
749	 7,5350000000e+001	-6,98203e+001	-4,13759e+000
750	 7,5362500000e+001	-6,95133e+001	-3,99537e+000
751	 7,5375000000e+001	-6,92494e+001	-3,74398e+000
752	 7,5387500000e+001	-6,90404e+001	-4,04622e+000
753	 7,5400000000e+001	-6,88157e+001	-4,09627e+000
754	 7,5412500000e+001	-6,89647e+001	-3,80710e+000
755	 7,5425000000e+001	-6,89008e+001	-3,77004e+000
756	 7,5437500000e+001	-6,83264e+001	-4,04607e+000
757	 7,5450000000e+001	-6,83269e+001	-3,96735e+000
758	 7,5462500000e+001	-6,84573e+001	-3,91860e+000
759	 7,5475000000e+001	-6,82015e+001	-3,66840e+000
760	 7,5487500000e+001	-6,78986e+001	-3,59797e+000
761	 7,5500000000e+001	-6,75278e+001	-3,43112e+000
762	 7,5512500000e+001	-6,73974e+001	-3,44653e+000
763	 7,5525000000e+001	-6,76207e+001	-3,51265e+000
764	 7,5537500000e+001	-6,75868e+001	-3,58209e+000
765	 7,5550000000e+001	-6,73631e+001	-3,34997e+000
766	 7,5562500000e+001	-6,72639e+001	-3,44776e+000
767	 7,5575000000e+001	-6,70653e+001	-3,46533e+000
768	 7,5587500000e+001	-6,71583e+001	-3,46714e+000
769	 7,5600000000e+001	-6,69378e+001	-3,52963e+000
770	 7,5612500000e+001	-6,66727e+001	-3,51487e+000
771	 7,5625000000e+001	-6,65814e+001	-3,39715e+000
772	 7,5637500000e+001	-6,66640e+001	-3,51319e+000
773	 7,5650000000e+001	-6,65182e+001	-3,51354e+000
774	 7,5662500000e+001	-6,62642e+001	-3,28103e+000
775	 7,5675000000e+001	-6,59969e+001	-3,08135e+000
776	 7,5687500000e+001	-6,58506e+001	-3,08366e+000
777	 7,5700000000e+001	-6,57154e+001	-3,07501e+000
778	 7,5712500000e+001	-6,58582e+001	-3,29779e+000
779	 7,5725000000e+001	-6,58632e+001	-3,32131e+000
780	 7,5737500000e+001	-6,54230e+001	-3,40657e+000
781	 7,5750000000e+001	-6,53830e+001	-2,86236e+000
782	 7,5762500000e+001	-6,49943e+001	-2,87892e+000
783	 7,5775000000e+001	-6,50599e+001	-2,97834e+000
784	 7,5787500000e+001	-6,52030e+001	-3,04600e+000
785	 7,5800000000e+001	-6,49232e+001	-2,99178e+000
786	 7,5812500000e+001	-6,49304e+001	-3,08021e+000
787	 7,5825000000e+001	-6,49742e+001	-3,32097e+000
788	 7,5837500000e+001	-6,47631e+001	-3,37126e+000
789	 7,5850000000e+001	-6,47967e+001	-3,20821e+000
790	 7,5862500000e+001	-6,43963e+001	-3,05345e+000
791	 7,5875000000e+001	-6,42280e+001	-2,90943e+000
792	 7,5887500000e+001	-6,42057e+001	-3,13960e+000
793	 7,5900000000e+001	-6,41334e+001	-3,13677e+000
794	 7,5912500000e+001	-6,39595e+001	-3,01239e+000
795	 7,5925000000e+001	-6,38251e+001	-2,87152e+000
796	 7,5937500000e+001	-6,38417e+001	-2,93982e+000
797	 7,5950000000e+001	-6,36429e+001	-2,96455e+000
798	 7,5962500000e+001	-6,35634e+001	-2,95223e+000
799	 7,5975000000e+001	-6,33867e+001	-2,86377e+000
800	 7,5987500000e+001	-6,32559e+001	-2,70477e+000
801	 7,6000000000e+001	-6,33093e+001	-2,80811e+000
TagsBegin:	 	 	 
OverLoad:	 	False	 
AverageNumber: []	 	 1,00000e+001	 
OverLoadRatio: []	 	 1,19209e-007	 
TagsEnd:	 	 	 
TagScalesBegin:	 	 	 
TagScalesEnd:	 	 	 
